0.293 9.93303431586995 
0.293 9.933
0.29419999999999996 9.873699578418089 
0.29419999999999996 9.8737
0.2954 9.762427971212539 
0.2954 9.7624
0.2966 9.680105512973965 
0.2966 9.6801
0.2978 9.618053160557434 
0.2978 9.6181
0.299 9.52466204334031 
0.299 9.5247
0.30019999999999997 9.512713962951564 
0.30019999999999997 9.5127
0.3014 9.493645918578448 
0.3014 9.4936
0.3026 9.509458811653907 
0.3026 9.5095
0.3038 9.536958525839347 
0.3038 9.537
0.305 9.461901430599896 
0.305 9.4619
0.30619999999999997 9.410348699688068 
0.30619999999999997 9.4103
0.3074 9.394538483841771 
0.3074 9.3945
0.3086 9.397677064018325 
0.3086 9.3977
0.3098 9.472290708209297 
0.3098 9.4723
0.311 9.518342729935402 
0.311 9.5183
0.3122 9.47744400342853 
0.3122 9.4774
0.3134 9.56926518256978 
0.3134 9.5693
0.3146 9.485217606939642 
0.3146 9.4852
0.3158 9.51767514715665 
0.3158 9.5177
0.317 9.540544963210102 
0.317 9.5405
0.3182 9.578912876226932 
0.3182 9.5789
0.3194 9.61064511110067 
0.3194 9.6106
0.3206 9.666995152921691 
0.3206 9.667
0.32180000000000003 9.689064160666495 
0.32180000000000003 9.6891
0.323 9.790671650495053 
0.323 9.7907
