0.115 8.600790973186509 
0.115 8.6008
0.1162 8.5519593575501 
0.1162 8.552
0.1174 8.515164832850113 
0.1174 8.5152
0.1186 8.491689531299745 
0.1186 8.4917
0.1198 8.470525941462547 
0.1198 8.4705
0.121 8.435611614502573 
0.121 8.4356
0.1222 8.43043027729071 
0.1222 8.4304
0.1234 8.443926630547143 
0.1234 8.4439
0.1246 8.448894811912929 
0.1246 8.4489
0.1258 8.441461915178236 
0.1258 8.4415
0.127 8.452949321743219 
0.127 8.4529
0.1282 8.458170249791618 
0.1282 8.4582
0.1294 8.470900006825145 
0.1294 8.4709
0.1306 8.505019193035224 
0.1306 8.505
0.1318 8.521766124932729 
0.1318 8.5218
0.133 8.554135788743567 
0.133 8.5541
0.13419999999999999 8.551275766677428 
0.13419999999999999 8.5513
0.1354 8.60234039584262 
0.1354 8.6023
0.1366 8.612702773280397 
0.1366 8.6127
0.1378 8.649762697078089 
0.1378 8.6498
0.13899999999999998 8.726069645081575 
0.13899999999999998 8.7261
0.1402 8.777921873338583 
0.1402 8.7779
0.1414 8.869614027354716 
0.1414 8.8696
0.1426 8.922036723620177 
0.1426 8.922
0.14379999999999998 8.965470131104574 
0.14379999999999998 8.9655
0.145 9.042708997041693 
0.145 9.0427
# nseed = 30 with 26 points costs 3963.5 s