0.293 9.291556695954162 
0.293 9.2916
0.29419999999999996 9.18778157606846 
0.29419999999999996 9.1878
0.2954 9.122134008906766 
0.2954 9.1221
0.2966 9.044451491916071 
0.2966 9.0445
0.2978 8.995703488698915 
0.2978 8.9957
0.299 8.92419747349077 
0.299 8.9242
0.30019999999999997 8.908750601098031 
0.30019999999999997 8.9088
0.3014 8.867842342349105 
0.3014 8.8678
0.3026 8.846742547293651 
0.3026 8.8467
0.3038 8.833522655744913 
0.3038 8.8335
0.305 8.813965538953404 
0.305 8.814
0.30619999999999997 8.79968138879695 
0.30619999999999997 8.7997
0.3074 8.806143200162712 
0.3074 8.8061
0.3086 8.790341724461179 
0.3086 8.7903
0.3098 8.794379706557374 
0.3098 8.7944
0.311 8.81087531474296 
0.311 8.8109
0.3122 8.824879673487409 
0.3122 8.8249
0.3134 8.860868443191034 
0.3134 8.8609
0.3146 8.911750778061103 
0.3146 8.9118
0.3158 8.930635609340854 
0.3158 8.9306
0.317 8.97077223193149 
0.317 8.9708
0.3182 9.052910080916519 
0.3182 9.0529
0.3194 9.09716842858754 
0.3194 9.0972
0.3206 9.165652983053501 
0.3206 9.1657
0.32180000000000003 9.21438687584077 
0.32180000000000003 9.2144
0.323 9.290146141419635 
0.323 9.2901
