0.134 149.75011025645222 
0.134 149.75
0.13544 149.61774384582787 
0.13544 149.62
0.13688 149.52958562528988 
0.13688 149.53
0.13832 149.35136589796616 
0.13832 149.35
0.13976 149.1517209852521 
0.13976 149.15
0.14120000000000002 149.03758429131864 
0.14120000000000002 149.04
0.14264000000000002 149.01677252659064 
0.14264000000000002 149.02
0.14408 148.92694142775713 
0.14408 148.93
0.14552 148.87199149863116 
0.14552 148.87
0.14696 148.80895099057062 
0.14696 148.81
0.1484 149.00827116469867 
0.1484 149.01
0.14984 148.9942167543341 
0.14984 148.99
0.15128 148.91938193204865 
0.15128 148.92
0.15272000000000002 148.86807165262772 
0.15272000000000002 148.87
0.15416000000000002 148.67039518613916 
0.15416000000000002 148.67
0.15560000000000002 148.55686688449572 
0.15560000000000002 148.56
0.15704 148.5692115376808 
0.15704 148.57
0.15848 148.50930288830756 
0.15848 148.51
0.15992 148.37357339516163 
0.15992 148.37
0.16136 148.36489243449824 
0.16136 148.36
0.1628 148.4793695074665 
0.1628 148.48
0.16424 148.44333637329737 
0.16424 148.44
0.16568 148.23773410847232 
0.16568 148.24
0.16712000000000002 148.25973025933558 
0.16712000000000002 148.26
0.16856000000000002 148.16753615627445 
0.16856000000000002 148.17
0.17 148.0432153988906 
0.17 148.04
# nseed = 30 with 26 points costs 4070.0 s