    0.280248796868522642E-97    0.501527282714843750E+03    0.203633174300193787E+01    0.892040646076202393E+02    0.519895491600036586E+01
    0.423023356012204390E-96    0.496078613281250000E+03    0.819633901119232178E-01    0.958274757862091064E+02    0.475451433658599854E+01
    0.395255440655061398E-95    0.491589233398437500E+03    0.173569917678833008E+00    0.131765148639678955E+03    0.470995740890502912E+01
    0.370443449523733364E-93    0.482488555908203125E+03    0.559586286544799805E+00    0.970507180690765381E+02    0.414800345897674561E+01
    0.432916124775765994E-87    0.454525848388671875E+03    0.236108496785163879E+01    0.138155130147933960E+03    0.514555249214172328E+01
    0.316923624707438132E-86    0.450524444580078125E+03    0.218136757612228394E+00    0.135670778751373291E+03    0.470197274684905953E+01
    0.692873927055828444E-85    0.444334899902343750E+03    0.203033491969108582E+01    0.898512995243072510E+02    0.514740442037582380E+01
    0.207288155341939346E-83    0.437518035888671875E+03    0.815669447183609009E+00    0.130555078983306885E+03    0.387553710937499973E+01
    0.773072865791260942E-83    0.434865509033203125E+03    0.203936725854873657E+01    0.837578690052032471E+02    0.512633643150329554E+01
    0.101092125356330050E-82    0.434309020996093750E+03    0.166009202599525452E+01    0.655524647235870361E+02    0.516492351293563789E+01
    0.333604033378404011E-74    0.395059814453125000E+03    0.209534168243408203E-01    0.664674019813537598E+02    0.485941493511199951E+01
    0.802898766372235144E-69    0.370257415771484375E+03    0.901081115007400513E+00    0.650586223602294922E+02    0.380329730510711661E+01
    0.186601637393891483E-68    0.368550750732421875E+03    0.231766179203987122E+01    0.101259723901748657E+03    0.503460410833358729E+01
    0.280308829209408449E-68    0.367716918945312500E+03    0.601231455802917480E+00    0.157018450498580933E+03    0.428373395204544050E+01
    0.367009302841086175E-68    0.367157928466796875E+03    0.185802891850471497E+01    0.773072755336761475E+02    0.507053633928298897E+01
    0.412479481429802990E-63    0.343878479003906250E+03    0.144902363419532776E+01    0.639222598075866699E+02    0.510107400417327828E+01
    0.955897155883414200E-63    0.342177551269531250E+03    0.169893801212310791E+00    0.104097858667373657E+03    0.479598875045776296E+01
    0.456761748296428597E-62    0.339029357910156250E+03    0.661235600709915161E+00    0.103397378921508789E+03    0.416827820539474470E+01
    0.112957466343806287E-56    0.314172637939453125E+03    0.125758901238441467E+01    0.758228337764739990E+02    0.511104753017425484E+01
    0.290135095476857384E-55    0.307660797119140625E+03    0.216023996472358704E+01    0.127398732900619507E+03    0.496758196353912318E+01
    0.174900822992542646E-54    0.304047882080078125E+03    0.375409573316574097E+00    0.128438684940338135E+03    0.460068387985229421E+01
    0.315997976836316159E-54    0.302844848632812500E+03    0.108405023813247681E+01    0.117080870866775513E+03    0.515563391447067243E+01
    0.337022474999854977E-53    0.298090850830078125E+03    0.248467236757278442E+01    0.659015810489654541E+02    0.489199820756912196E+01
    0.505040874506408899E-53    0.297261871337890625E+03    0.113304466009140015E+01    0.156133422851562500E+03    0.383462120294570896E+01
    0.181183674665729951E-51    0.290081787109375000E+03    0.750060677528381348E+00    0.696798241138458252E+02    0.411691654920578021E+01
    0.122061954542703154E-50    0.286246582031250000E+03    0.218958139419555664E+01    0.153030989170074463E+03    0.493771003484725934E+01
    0.186991063038479687E-48    0.276163177490234375E+03    0.213420227169990540E+01    0.155203435420989990E+03    0.493245140314102137E+01
    0.859552695862569574E-47    0.268487304687500000E+03    0.127343669533729553E+01    0.156007603406906128E+03    0.381521914005279505E+01
    0.335055843434592884E-42    0.247325683593750000E+03    0.217183277010917664E+01    0.134362611770629883E+03    0.488145666122436506E+01
    0.210254739082065895E-40    0.239027297973632812E+03    0.707043856382369995E+00    0.945738887786865234E+02    0.425301312208175641E+01
    0.366042730153237830E-40    0.237898437500000000E+03    0.506644845008850098E+00    0.695048844814300537E+02    0.447594546079635602E+01
    0.265678821588491584E-38    0.229309020996093750E+03    0.197099894285202026E+01    0.136479393243789673E+03    0.487153979539871163E+01
    0.655179134504832352E-38    0.227483779907226562E+03    0.147600516676902771E+01    0.963187313079833984E+02    0.495189085006713814E+01
    0.539669746612814763E-36    0.218641342163085938E+03    0.128913760185241699E+01    0.882252728939056396E+02    0.497106410264968801E+01
    0.208469335162318949E-35    0.215918502807617188E+03    0.187525466084480286E+01    0.151731405258178711E+03    0.485515832901000977E+01
    0.847325092419486719E-35    0.213093917846679688E+03    0.131494387984275818E+01    0.151320013999938965E+03    0.496458848714828438E+01
    0.314784430606709757E-32    0.201238800048828125E+03    0.863667130470275879E+00    0.118437538146972656E+03    0.510018713474273611E+01
    0.287121912314733180E-31    0.196797592163085938E+03    0.805421322584152222E+00    0.142366234064102173E+03    0.512070904970169050E+01
    0.520963943451360329E-31    0.195586044311523438E+03    0.249367743730545044E+01    0.842901921272277832E+02    0.473161820173263514E+01
    0.154177508317716763E-30    0.193396026611328125E+03    0.197443604469299316E+01    0.133789179325103760E+03    0.481165683269500732E+01
    0.580256290112588837E-30    0.190725296020507812E+03    0.140857666730880737E+01    0.934293723106384277E+02    0.489852222204208321E+01
    0.604374732619106233E-29    0.186018676757812500E+03    0.134474053978919983E+01    0.656124269962310791E+02    0.489011456966400093E+01
    0.716297473775532944E-29    0.185658874511718750E+03    0.110096469521522522E+01    0.108137593269348145E+03    0.399933383464813197E+01
    0.220788861049317375E-28    0.183387481689453125E+03    0.102860689163208008E+01    0.110927233695983887E+03    0.408177998065948433E+01
    0.718081947855421912E-28    0.181008728027343750E+03    0.106864407658576965E+01    0.111543474197387695E+03    0.498601980209350515E+01
    0.545560772400515368E-26    0.172327926635742188E+03    0.232876107096672058E+01    0.140941742658615112E+03    0.471920570135116524E+01
    0.203256799496302724E-25    0.169677444458007812E+03    0.713251829147338867E+00    0.135141012668609619E+03    0.441250041723251307E+01
    0.128729388868915778E-24    0.165965789794921875E+03    0.115153133869171143E+01    0.618802642822265625E+02    0.490395008325576764E+01
    0.354345547494878975E-24    0.163920669555664062E+03    0.123735919594764709E+01    0.127715215682983398E+03    0.400409854650497454E+01
    0.504993537009053745E-24    0.163192123413085938E+03    0.206683799624443054E+01    0.116029450893402100E+03    0.473566519021987897E+01
    0.238070880927143478E-23    0.160070907592773438E+03    0.132999926805496216E+01    0.127203211784362793E+03    0.396292370557785034E+01
    0.141306362333777225E-22    0.156489013671875000E+03    0.155170455574989319E+01    0.126681337356567383E+03    0.386098403930664036E+01
    0.414838859587582561E-22    0.154315093994140625E+03    0.169714480638504028E+01    0.151544747352600098E+03    0.475889035463333077E+01
    0.107475713439360492E-21    0.152391174316406250E+03    0.161933407187461853E+01    0.152677205801010132E+03    0.394511989355087245E+01
    0.173203482031760840E-20    0.146811599731445312E+03    0.506283193826675415E+00    0.157965031862258911E+03    0.467985199689865095E+01
    0.750085395527919006E-19    0.139254989624023438E+03    0.175356984138488770E+01    0.852959072589874268E+02    0.471826509237289393E+01
    0.278959164608828531E-18    0.136608062744140625E+03    0.195890083909034729E+01    0.116863659620285034E+03    0.468858166933059639E+01
    0.310436151657780450E-18    0.136374237060546875E+03    0.617474168539047241E+00    0.156341234445571899E+03    0.510291942358016914E+01
    0.731516643767077962E-18    0.134639953613281250E+03    0.931797772645950317E+00    0.998931801319122314E+02    0.425995562076568568E+01
    0.922182273791130269E-18    0.134156707763671875E+03    0.167131394147872925E+01    0.811240351200103760E+02    0.472160645723342842E+01
    0.107475079407612822E-17    0.133830505371093750E+03    0.129750579595565796E+01    0.771703696250915527E+02    0.401170302629470843E+01
    0.665070449004452501E-17    0.130165237426757812E+03    0.235702455043792725E+01    0.635416364669799805E+02    0.459110956192016584E+01
    0.187192631695693954E-16    0.128075576782226562E+03    0.136974453926086426E+01    0.109353206157684326E+03    0.477639935016632045E+01
    0.978437158058841045E-16    0.124747940063476562E+03    0.439599752426147461E+00    0.132904527187347412E+03    0.473695302009582520E+01
    0.684044071767929610E-15    0.120838638305664062E+03    0.224168017506599426E+01    0.136830059289932251E+03    0.460030995607376081E+01
    0.705353055144772005E-15    0.120757286071777344E+03    0.203829243779182434E+01    0.605066812038421631E+02    0.460130096673965383E+01
    0.109903706048011824E-14    0.119850303649902344E+03    0.118930593132972717E+01    0.138838706016540527E+03    0.481377912759780813E+01
    0.159506584607882592E-14    0.119085342407226562E+03    0.184922873973846436E+01    0.153504142761230469E+03    0.464995878934860229E+01
    0.188841980360490152E-14    0.118727691650390625E+03    0.309937596321105957E+00    0.900357758998870850E+02    0.486587461233138985E+01
    0.361060322621513940E-14    0.117411422729492188E+03    0.134536623954772949E+01    0.115202066898345947E+03    0.475283981561660696E+01
    0.434782464456972732E-14    0.117019821166992188E+03    0.213933810591697693E+01    0.812067306041717529E+02    0.459438199996948171E+01
    0.467862323165861762E-14    0.116853164672851562E+03    0.203583329916000366E+01    0.653909718990325928E+02    0.459231694936752266E+01
    0.536780485980375910E-14    0.116558334350585938E+03    0.209700122475624084E+01    0.842629885673522949E+02    0.459630427360534632E+01
    0.953858977052915635E-14    0.115388481140136719E+03    0.145292967557907104E+01    0.140049896240234375E+03    0.410185662508010829E+01
    0.101762880437388598E-13    0.115239051818847656E+03    0.159736976027488708E+01    0.725030577182769775E+02    0.391002154350280762E+01
    0.548311750943163185E-13    0.111850654602050781E+03    0.141318917274475098E+01    0.959507799148559570E+02    0.402501975297927839E+01
    0.609669875015671013E-13    0.111618507385253906E+03    0.757674276828765869E+00    0.146120837926864624E+03    0.452729526758193934E+01
    0.607934025172458011E-13    0.111604209899902344E+03    0.461295694112777710E+00    0.801010644435882568E+02    0.515811628103256226E+01
    0.873702037656707729E-13    0.110858863830566406E+03    0.185594156384468079E+01    0.125240645408630371E+03    0.463904114961624092E+01
    0.155310173158229099E-12    0.109688323974609375E+03    0.200272947549819946E+00    0.137368146181106567E+03    0.500813229084014822E+01
    0.192886353870116676E-12    0.109234970092773438E+03    0.620570331811904907E+00    0.150699279308319092E+03    0.465212072134017873E+01
    0.272973378895223723E-12    0.108520423889160156E+03    0.106669098138809204E+01    0.132545832395553589E+03    0.430037251710891688E+01
    0.346386313986260235E-12    0.108024063110351562E+03    0.174213781952857971E+01    0.137909696102142334E+03    0.399908766746520961E+01
    0.728636379731959841E-12    0.106516822814941406E+03    0.650956034660339355E+00    0.125388947725296021E+03    0.457754817008972115E+01
    0.167200316918957799E-11    0.104835617065429688E+03    0.162495538592338562E+01    0.916038846969604492E+02    0.466392931938171351E+01
    0.461712222804589842E-11    0.102784118652343750E+03    0.788182169198989868E+00    0.120237163305282593E+03    0.446058129072189313E+01
    0.973851610394804558E-11    0.101271484375000000E+03    0.181707501411437988E+01    0.129285917282104492E+03    0.460631960630416870E+01
    0.105381067790042181E-10    0.101093666076660156E+03    0.149932637810707092E+01    0.102610579729080200E+03    0.467691551446914655E+01
    0.106942444906986659E-10    0.101044250488281250E+03    0.116760611534118652E+01    0.156476358175277710E+03    0.438211070299148542E+01
    0.198223006007702885E-10    0.997900466918945312E+02    0.928822159767150879E+00    0.863520002365112305E+02    0.435798815488815272E+01
    0.197063856662003500E-10    0.997817764282226562E+02    0.120481222867965698E+01    0.120404276847839355E+03    0.421737779378891009E+01
    0.234123197725709506E-10    0.994171371459960938E+02    0.573355108499526978E+00    0.739013230800628662E+02    0.462484765052795410E+01
    0.253964426368434766E-10    0.992344436645507812E+02    0.848914980888366699E+00    0.708000695705413818E+02    0.488059808015823293E+01
    0.350662548596059737E-10    0.985691833496093750E+02    0.108066052198410034E+01    0.748300588130950928E+02    0.478509948253631556E+01
    0.373806369684962937E-10    0.984213562011718750E+02    0.168045818805694580E+01    0.681141233444213867E+02    0.396583640575408936E+01
    0.529512664160074792E-10    0.977049179077148438E+02    0.248151436448097229E+01    0.122075179815292358E+03    0.380353596210479727E+01
    0.118808162386458485E-09    0.960686416625976562E+02    0.238544330000877380E+01    0.144595054388046265E+03    0.398108867406845057E+01
    0.231614146432470643E-09    0.947135162353515625E+02    0.180709972977638245E+01    0.114862439632415771E+03    0.458754973411560041E+01
    0.408802501264347423E-09    0.935571975708007812E+02    0.210011839866638184E+01    0.128671703338623047E+03    0.394076532125473022E+01
    0.494493636015917251E-09    0.931565933227539062E+02    0.149718463420867920E+01    0.628831422328948975E+02    0.461849561929702723E+01
    0.534244020524655772E-09    0.929819564819335938E+02    0.129296898841857910E+01    0.112047753334045410E+03    0.471393839120864833E+01
    0.552028789283217282E-09    0.928964614868164062E+02    0.167453601956367493E+01    0.679844892024993896E+02    0.399478374719619733E+01
    0.140572712873954229E-08    0.910070419311523438E+02    0.136065602302551270E+01    0.155453351736068726E+03    0.432628949880599922E+01
    0.145799130895253777E-08    0.909140319824218750E+02    0.504055321216583252E+00    0.956125354766845703E+02    0.472494114637374807E+01
    0.268659741897527945E-08    0.896716003417968750E+02    0.204409644007682800E+01    0.870762443542480469E+02    0.451873474121093732E+01
    0.391171430377517255E-08    0.889001998901367188E+02    0.570545941591262817E+00    0.154176054000854492E+03    0.501839487552642805E+01
    0.521389697456914667E-08    0.883054962158203125E+02    0.121735036373138428E+01    0.628952479362487793E+02    0.423192869424819929E+01
    0.691790653809058140E-08    0.877199249267578125E+02    0.248448029160499573E+01    0.158521405458450317E+03    0.422075821161270159E+01
    0.813946486973873740E-08    0.873747024536132812E+02    0.148410931229591370E+01    0.912496423721313477E+02    0.463117731809616018E+01
    0.122265033145300641E-07    0.865409393310546875E+02    0.802741128503642321E+00    0.123419687728402806E+03    0.452137100521683521E+01
    0.183245318962639378E-07    0.857116699218750000E+02    0.185246124863624573E+01    0.156480298042297363E+03    0.443572733402252162E+01
    0.210678107368399987E-07    0.854126586914062500E+02    0.212140753865242004E+01    0.137684187889099121E+03    0.406488131284713727E+01
    0.278729220282984302E-07    0.848328399658203125E+02    0.238053739070892334E+01    0.153289732933044434E+03    0.437446641921997070E+01
    0.276764412170143880E-07    0.848269882202148438E+02    0.990712642669677734E+00    0.145162013769149780E+03    0.476583385467529297E+01
    0.343952487559015436E-07    0.843723144531250000E+02    0.163048893213272095E+01    0.613950884342193604E+02    0.454841824769973702E+01
    0.507634240980441485E-07    0.835737991333007812E+02    0.192923069000244141E+01    0.111937651634216309E+03    0.401134303808212245E+01
    0.528590683005131868E-07    0.834728927612304688E+02    0.125861746845765482E+00    0.688053444557826737E+02    0.512188335025030028E+01
    0.575989345193877032E-07    0.832811431884765625E+02    0.167741371494208258E+00    0.813042593928204695E+02    0.507029350187543049E+01
    0.643297243396858469E-07    0.830401077270507812E+02    0.852295607328414917E+00    0.928785181045532227E+02    0.483653774261474556E+01
    0.674605930266831826E-07    0.829250640869140625E+02    0.180797442793846130E+01    0.780595576763153076E+02    0.402650835514068550E+01
    0.747985251472918871E-07    0.826985549926757812E+02    0.188030540943145752E+01    0.111051086187362671E+03    0.402164492607116664E+01
    0.976333133770812626E-07    0.821457138061523438E+02    0.795195549726486206E+00    0.139000407457351685E+03    0.486970872879028249E+01
    0.101092286183900165E-06    0.820560836791992188E+02    0.206584110856056213E+01    0.150703785419464111E+03    0.439703460931777901E+01
    0.103611110940297206E-06    0.819868621826171875E+02    0.168879018484155652E+01    0.146568169491239956E+03    0.425237477701691624E+01
    0.107578160966565387E-06    0.818917160034179688E+02    0.226902633905410767E+01    0.890285587310791016E+02    0.443592268228530884E+01
    0.120202967813658175E-06    0.816497879028320312E+02    0.108245387673377991E+01    0.961798882484436035E+02    0.432383391857147181E+01
    0.157555154536241114E-06    0.810886001586914062E+02    0.176960257058341042E+01    0.125590873336070416E+03    0.412692903223529228E+01
    0.168534665691614256E-06    0.809338684082031250E+02    0.133026853203773499E+01    0.125985912084579468E+03    0.426062461137771553E+01
    0.269603963896562889E-06    0.799742431640625000E+02    0.248514160953502916E+01    0.106001887133228578E+03    0.389787684441813420E+01
    0.275934863542017146E-06    0.799078216552734375E+02    0.835545808076858521E+00    0.149210397005081177E+03    0.460982235670089668E+01
    0.281483002188568580E-06    0.798480072021484375E+02    0.346940597583422217E+00    0.899704211772620255E+02    0.518179764173772472E+01
    0.389188603164967469E-06    0.791800231933593750E+02    0.104969668246440961E+01    0.933408178503204056E+02    0.473132658859774580E+01
    0.434452182658474681E-06    0.789399795532226562E+02    0.879783182261621444E+00    0.127792633607877988E+03    0.481206846221350837E+01
    0.458807423310806762E-06    0.788108901977539062E+02    0.163714230060577393E+01    0.149121502637863159E+03    0.443934540748596174E+01
    0.526998532902792030E-06    0.785137557983398438E+02    0.499875545501708984E+00    0.137156972885131836E+03    0.479480113983154244E+01
    0.525865037411703467E-06    0.784980621337890625E+02    0.440520316269272572E+00    0.787274588755270628E+02    0.509615642803806690E+01
    0.675534680688235073E-06    0.779771423339843750E+02    0.710563659667968750E+00    0.144297883510589600E+03    0.467672141790389961E+01
    0.818066313085082698E-06    0.775742645263671875E+02    0.176472283383436435E+01    0.894497983096392630E+02    0.450135830681381321E+01
    0.823126658740387092E-06    0.775419311523437500E+02    0.174610510468482971E+01    0.606518661975860596E+02    0.444975360631942696E+01
    0.125101010034579312E-05    0.766847381591796875E+02    0.610727220773696899E+00    0.155892226696014404E+03    0.482273552417755091E+01
    0.157188939424554681E-05    0.762080841064453125E+02    0.242564901709556580E+01    0.118689236640930176E+03    0.437935162782668996E+01
    0.188547634573107927E-05    0.758242797851562500E+02    0.998629927635192871E+00    0.150807235240936279E+03    0.461258752346038747E+01
    0.186856078129404021E-05    0.758223037719726562E+02    0.109912549960931405E+01    0.706217034254548963E+02    0.468331735245655612E+01
    0.251751918849007608E-05    0.752060928344726562E+02    0.237390600262945028E+01    0.127821622079989709E+03    0.399067677854526215E+01
    0.270599382994034291E-05    0.750417022705078125E+02    0.122406229376792908E+01    0.976295208930969238E+02    0.465804750919341970E+01
    0.345212579994047639E-05    0.745346603393554688E+02    0.169377372955498839E+01    0.616824834637096799E+02    0.412373946262906443E+01
    0.444814259253039271E-05    0.740076675415039062E+02    0.393352245574159820E+00    0.116721232902264532E+03    0.512150907118812704E+01
    0.678808352067119209E-05    0.731423034667968750E+02    0.152725823862458809E+01    0.144717339373676907E+03    0.437356335588227285E+01
    0.675052583390905863E-05    0.731333999633789062E+02    0.130494946840963744E+01    0.117937747474701411E+03    0.462326991312468305E+01
    0.675375993060440179E-05    0.731124420166015625E+02    0.375938564538955688E+00    0.107614461183547974E+03    0.489307783842086774E+01
    0.940653025081187081E-05    0.724298324584960938E+02    0.104530528187751770E+01    0.122343299388885498E+03    0.467667427062988228E+01
    0.950738030017969796E-05    0.723885040283203125E+02    0.244941094271567605E+01    0.110019023215070277E+03    0.395137832578035297E+01
    0.114865466551408620E-04    0.719902877807617188E+02    0.114306613802909851E+01    0.128079346418380737E+03    0.442111026048660261E+01
    0.113904885261094982E-04    0.719870834350585938E+02    0.211518281401342145E+01    0.114676913082704004E+03    0.405885524656915830E+01
    0.115408384920420425E-04    0.719408569335937500E+02    0.169229085958753478E+01    0.748621148304946615E+02    0.410959459423296636E+01
    0.115882428783270760E-04    0.719126586914062500E+02    0.235319425801165538E+01    0.126654963688409964E+03    0.434140395474076790E+01
    0.120372116068315446E-04    0.718166351318359375E+02    0.200461372733116150E+01    0.862215971946716309E+02    0.406025512218475360E+01
    0.121033571005199349E-04    0.717856750488281250E+02    0.350319594144821167E+00    0.695514774322509766E+02    0.513453613519668561E+01
    0.129297240463851995E-04    0.716335830688476562E+02    0.151740953326225281E+01    0.114014617204666138E+03    0.424482293128967303E+01
    0.174478006569433879E-04    0.710142135620117188E+02    0.540178351425433134E+00    0.802194473491638291E+02    0.474852298241707782E+01
    0.222934065850212711E-04    0.705040588378906250E+02    0.222786500207846938E+01    0.138967101171646448E+03    0.413805162693693429E+01
    0.237748422081801728E-04    0.703553848266601562E+02    0.208942366749911379E+01    0.103940593997992551E+03    0.402348447565472256E+01
    0.284426665664377031E-04    0.699768600463867188E+02    0.851666941460741844E+00    0.124607705926848041E+03    0.457993590464545619E+01
    0.283026737683983238E-04    0.699667282104492188E+02    0.219836905598640442E+01    0.793626582622528076E+02    0.403918997049331630E+01
    0.280879445700686128E-04    0.699619598388671875E+02    0.124865742211212383E+01    0.130751454591333612E+03    0.455428729520518427E+01
    0.309348988758766032E-04    0.697488708496093750E+02    0.153357535600662231E+00    0.774817860126495361E+02    0.515148103237152100E+01
    0.328787609377775367E-04    0.696069869995117188E+02    0.167684044787672137E+01    0.122126389294561875E+03    0.445078109701041402E+01
    0.330559015642370785E-04    0.695762405395507812E+02    0.185133412480354309E+01    0.647095954418182373E+02    0.440260850191116315E+01
    0.349360475192893717E-04    0.694456024169921875E+02    0.117535427212715149E+01    0.134574577808380127E+03    0.461816600561141932E+01
    0.429128640454470668E-04    0.690142974853515625E+02    0.517245829105377197E+00    0.686831092834472656E+02    0.498125225305557251E+01
    0.439854406314238515E-04    0.689449234008789062E+02    0.689517259597778320E+00    0.140219191312789917E+03    0.471783200502395594E+01
    0.471275261715598253E-04    0.687869262695312500E+02    0.119635596871376038E+01    0.136657891273498535E+03    0.443814436197280848E+01
    0.468592667141296500E-04    0.687783432006835938E+02    0.217227816581726074E+01    0.119693038463592529E+03    0.439006423950195312E+01
    0.472952179995598783E-04    0.687398223876953125E+02    0.135951519298921353E+01    0.119729255615698577E+03    0.454983408953076651E+01
    0.545315614864436878E-04    0.684350814819335938E+02    0.365991080562823035E+00    0.130944914208687806E+03    0.493960281178490757E+01
    0.551355562001916842E-04    0.683930511474609375E+02    0.153877094388008118E+01    0.104398945569992065E+03    0.423136476278305018E+01
    0.560584387185457359E-04    0.683398513793945312E+02    0.203621879220008850E+01    0.843897140026092529E+02    0.404970748424530047E+01
    0.577152851098594331E-04    0.682615966796875000E+02    0.112673148512840271E+01    0.946831381320953369E+02    0.437164492607116628E+01
    0.580176051642511729E-04    0.682311477661132812E+02    0.214583050975577194E+01    0.100636096743390155E+03    0.435420984777413356E+01
    0.588107784807635707E-04    0.681839904785156250E+02    0.102559775114059448E+01    0.843536531925201416E+02    0.443351958990097028E+01
    0.586415430217190989E-04    0.681697540283203125E+02    0.191549047827720642E+01    0.703298008441925049E+02    0.437990888357162422E+01
    0.608118282162957476E-04    0.680770721435546875E+02    0.141158583426706130E+01    0.995485217842579289E+02    0.426971940166469466E+01
    0.619898437945546330E-04    0.680186996459960938E+02    0.174275606870651245E+01    0.128191832304000854E+03    0.431804214715957624E+01
    0.632405970284851597E-04    0.679587478637695312E+02    0.148537253797481039E+01    0.822561609584220434E+02    0.420453698208000137E+01
    0.645389864018040393E-04    0.678981018066406250E+02    0.218754482153223329E+01    0.107107420402687268E+03    0.437538956206229557E+01
    0.693521906590891256E-04    0.677342453002929688E+02    0.217568710446357727E+01    0.133261839151382446E+03    0.414875230789184535E+01
    0.692072483544497747E-04    0.677184295654296875E+02    0.174880683155337513E+01    0.117361848222981450E+03    0.420837455849862163E+01
    0.781886616314332930E-04    0.674543914794921875E+02    0.475425456030140692E+00    0.836338158092914910E+02    0.502064279717735928E+01
    0.786678148393339980E-04    0.674221725463867188E+02    0.656072199344635010E+00    0.620118176937103271E+02    0.486618052721023542E+01
    0.806023850353606490E-04    0.673535842895507812E+02    0.167887760725990653E+01    0.122003233723702294E+03    0.447542236598487708E+01
    0.816357803450594986E-04    0.673081054687500000E+02    0.564712473433237161E+00    0.152360237493980378E+03    0.485651114777785153E+01
    0.827508966784348235E-04    0.672609710693359375E+02    0.945043957683179947E+00    0.134402573124155140E+03    0.462087545643417030E+01
    0.843021132338792300E-04    0.672038269042968750E+02    0.180973121263676595E+01    0.114032770001260729E+03    0.417519871415031574E+01
    0.884751931923851538E-04    0.670871963500976562E+02    0.152613967657089233E+00    0.149886093139648438E+03    0.514706128835678101E+01
    0.886781181995511603E-04    0.670626144409179688E+02    0.179558290597188286E+01    0.922528708521870584E+02    0.412658487256904483E+01
    0.883137158188732578E-04    0.670508499145507812E+02    0.117543272174231350E+01    0.126206537870279519E+03    0.458887193899310031E+01
    0.895644553809579839E-04    0.670027236938476562E+02    0.146056771278381348E+01    0.897052741050720215E+02    0.453880696296691877E+01
    0.903284245788465339E-04    0.669657363891601562E+02    0.208765992998883076E+01    0.137614336253452223E+03    0.420981763835601619E+01
    0.908816255998349425E-04    0.669335250854492188E+02    0.208258650379437737E+01    0.120230081855191969E+03    0.434331722144600985E+01
    0.102787925358652135E-03    0.666673049926757812E+02    0.183309996838327582E+01    0.636042495843436200E+02    0.435645256000835523E+01
    0.103490441871290060E-03    0.666336822509765625E+02    0.215829168921976056E+01    0.131952887337218158E+03    0.430973250668685903E+01
    0.102746417683584925E-03    0.666281127929687500E+02    0.248729420261951706E+01    0.129228521178276480E+03    0.411494556675867873E+01
    0.102173646084362645E-03    0.666192932128906250E+02    0.178756132324368910E+01    0.787537006996824545E+02    0.439589296989479372E+01
    0.104410678115885450E-03    0.665559768676757812E+02    0.247221744408693400E+01    0.129170421462018595E+03    0.413629635934318607E+01
    0.106151059632258557E-03    0.665029144287109375E+02    0.182436434360837252E+01    0.853543544142271315E+02    0.411860065998533731E+01
    0.108014767691465031E-03    0.664481048583984375E+02    0.102367952466011047E+01    0.731973087787628174E+02    0.445285956859588605E+01
    0.117077545597741659E-03    0.662669677734375000E+02    0.209174513816833496E+01    0.111711821556091309E+03    0.410630532503127998E+01
    0.125327583903941313E-03    0.661107788085937500E+02    0.172614682639177364E+01    0.948355748528641982E+02    0.442007971832822122E+01
    0.129064218772949839E-03    0.660320205688476562E+02    0.195019362692021558E+01    0.111111200284920301E+03    0.439966708765823356E+01
    0.128771391986787909E-03    0.660165634155273438E+02    0.177481236814200871E+01    0.117766439431489943E+03    0.419218870592098813E+01
    0.129018990415601017E-03    0.659927215576171875E+02    0.976177263148763741E+00    0.968118114909798635E+02    0.443909401335555209E+01
    0.133195540677232032E-03    0.659090042114257812E+02    0.192716345273982226E+01    0.107837945966179603E+03    0.439537453667417566E+01
    0.134428047702106636E-03    0.658705825805664062E+02    0.373186876581285132E+00    0.754452085668784349E+02    0.493831644397067393E+01
    0.139852688195046782E-03    0.657714614868164062E+02    0.491206218170883946E+00    0.104783312128514211E+03    0.481652094186866098E+01
    0.154790744457098506E-03    0.655484924316406250E+02    0.167595196875103492E+01    0.891748490396830249E+02    0.419561774623270001E+01
    0.153859747079717268E-03    0.655405578613281250E+02    0.205874107621378410E+01    0.113530392570154191E+03    0.438296738947533981E+01
    0.164172274725532660E-03    0.653908081054687500E+02    0.918170511722564697E+00    0.113383821249008179E+03    0.454718699455261177E+01
    0.166341822298976468E-03    0.653445510864257812E+02    0.158547876207115035E+01    0.123787492556960302E+03    0.440390420138234528E+01
    0.165355857695675555E-03    0.653364410400390625E+02    0.202996506766026297E+01    0.121541584005226198E+03    0.433773802861581803E+01
    0.174643637292913552E-03    0.652071456909179688E+02    0.133139571053896621E+01    0.123284999344002983E+03    0.433273455493562132E+01
    0.177445013518068561E-03    0.651553192138671875E+02    0.468357823945272367E+00    0.103103776634595988E+03    0.483995230649583519E+01
    0.201713462192262312E-03    0.648789443969726562E+02    0.627176121639841377E+00    0.898768755335035223E+02    0.492952123530057751E+01
    0.208211475341988213E-03    0.647955322265625000E+02    0.210358036919012603E+01    0.868779525269495139E+02    0.409030440596129097E+01
    0.208537823755957692E-03    0.647723999023437500E+02    0.163994660415809368E+01    0.854456653650960902E+02    0.440863949476185812E+01
    0.213891188028277887E-03    0.647017059326171875E+02    0.718330447734628730E+00    0.137167938334505095E+03    0.476337399280707618E+01
    0.216213241107052765E-03    0.646601104736328125E+02    0.119952384331049022E+01    0.809329043049531549E+02    0.458620664905284414E+01
    0.256399936062413111E-03    0.642991638183593750E+02    0.998625570163989118E+00    0.111863282225215698E+03    0.455298514461138382E+01
    0.274420416359068579E-03    0.641433181762695312E+02    0.199472445766309825E+01    0.810691124887070771E+02    0.409782313688797029E+01
    0.283864208009590229E-03    0.640556488037109375E+02    0.909905908823523735E+00    0.124955064245453372E+03    0.462142984800846968E+01
    0.291851825671915152E-03    0.639801483154296875E+02    0.185193791985511780E+01    0.755233561992645264E+02    0.413749445676803607E+01
    0.292060715884207890E-03    0.639587173461914062E+02    0.203651640459101069E+01    0.125045313771537735E+03    0.425323489591239756E+01
    0.292229621220635937E-03    0.639375610351562500E+02    0.580534166085637571E+00    0.703495665845204456E+02    0.489949496502172099E+01
    0.293535201756633794E-03    0.639086456298828125E+02    0.140060298753345958E+01    0.132421481024266143E+03    0.440024591023614331E+01
    0.315095218466920706E-03    0.637468910217285156E+02    0.145967626399150396E+01    0.866523665480502956E+02    0.452808787786822009E+01
    0.333368571447311248E-03    0.636141433715820312E+02    0.564037618057394941E+00    0.140521839958030966E+03    0.484365965977020885E+01
    0.347156703010886370E-03    0.635130882263183594E+02    0.238584846258163452E+01    0.112258461713790894E+03    0.406454318761825562E+01
    0.358098849008910267E-03    0.634310226440429688E+02    0.142727991732625314E+01    0.659931823324763513E+02    0.431509219773161501E+01
    0.501546663705311046E-03    0.627372474670410156E+02    0.215844169259071350E+01    0.810140228271484375E+02    0.428589504957199097E+01
    0.504840683219776759E-03    0.627041549682617188E+02    0.110576609717461394E+01    0.109484138535577813E+03    0.442774299273270522E+01
    0.528009093553678333E-03    0.625944137573242188E+02    0.190661838874181733E+01    0.893299331333122524E+02    0.412100630278634661E+01
    0.523403817019787521E-03    0.625919342041015625E+02    0.745148807764053345E+00    0.924703872203826904E+02    0.462255938053131032E+01
    0.543915669771212083E-03    0.624950523376464844E+02    0.907959013099324919E+00    0.858176351313739474E+02    0.454354229930762088E+01
    0.544930315234123095E-03    0.624713249206542969E+02    0.197447896003723145E+01    0.106854847669601440E+03    0.436720690727233851E+01
    0.552045257679512091E-03    0.624253807067871094E+02    0.273081529842020776E+00    0.610887587180499736E+02    0.506973866905850823E+01
    0.591223265370576629E-03    0.622682533264160156E+02    0.563188655853361309E+00    0.102872301633159424E+03    0.476975393846834006E+01
    0.601315504272714675E-03    0.622144012451171875E+02    0.175971945005265296E+01    0.112348797408285947E+03    0.429124730766252593E+01
    0.624887816246831053E-03    0.621174964904785156E+02    0.168484290144698168E+01    0.114573717695008625E+03    0.433768980064390064E+01
    0.632376957488627479E-03    0.620736694335937500E+02    0.103909388669982405E+01    0.114727414577041827E+03    0.459925606746881233E+01
    0.646459177009273828E-03    0.620096206665039062E+02    0.973079492460897422E+00    0.114305157215791951E+03    0.453132147128777341E+01
    0.671142881012842655E-03    0.619146766662597656E+02    0.155166354032154485E+01    0.116392473601999015E+03    0.428360308466560991E+01
    0.706468429069917643E-03    0.617920837402343750E+02    0.226842068247308637E+01    0.100588108182442056E+03    0.409208746204265417E+01
    0.701111207185543600E-03    0.617873077392578125E+02    0.179072514176368713E+01    0.118049935102462769E+03    0.437228229045867867E+01
    0.715156401797042030E-03    0.617276382446289062E+02    0.189059553111558865E+01    0.103781684395601232E+03    0.437788599357232666E+01
    0.711712467479150963E-03    0.617172927856445312E+02    0.909627607787447889E+00    0.791868597167336645E+02    0.465230409173077675E+01
    0.742119295485491287E-03    0.616136207580566406E+02    0.218646204935796273E+01    0.701911374169153390E+02    0.426057658302420084E+01
    0.737029943928201058E-03    0.616073837280273438E+02    0.523377209901809692E+00    0.123143873214721680E+03    0.481575789451599068E+01
    0.743733620446113326E-03    0.615692749023437500E+02    0.717777724259787364E+00    0.735001779400774922E+02    0.466262485300738305E+01
    0.766245528058930600E-03    0.614896354675292969E+02    0.397198147574799265E+00    0.626360294009857910E+02    0.500770775628123044E+01
    0.775519035026392607E-03    0.614455757141113281E+02    0.647204860311478392E+00    0.133855167095271668E+03    0.483837793016347462E+01
    0.778796597441819977E-03    0.614171409606933594E+02    0.194814452242149683E+01    0.118183184142938472E+03    0.429985218728022911E+01
    0.785539976305705471E-03    0.613798980712890625E+02    0.176723212385359441E+01    0.794771709011156844E+02    0.423020258105230518E+01
    0.778655850186940656E-03    0.613775024414062500E+02    0.941417423521848429E+00    0.903360053082827505E+02    0.453303488019128320E+01
    0.808538328196540070E-03    0.612821846008300781E+02    0.132219587248974690E+01    0.701854858649991513E+02    0.450087062801335502E+01
    0.823175016297656250E-03    0.612263031005859375E+02    0.228023692965507507E+01    0.126094350814819336E+03    0.421344237327575666E+01
    0.844699727806342724E-03    0.611546783447265625E+02    0.879641175270080566E+00    0.849052047729492188E+02    0.472518088817596382E+01
    0.935231230488509373E-03    0.609310531616210938E+02    0.952481273952342389E+00    0.127933493533227249E+03    0.464884968032652868E+01
    0.930026546934993310E-03    0.609222145080566406E+02    0.179853409528732300E+01    0.947941696643829346E+02    0.439219170808792114E+01
    0.975958133080229314E-03    0.608058013916015625E+02    0.242723697034343155E+01    0.126696513345951274E+03    0.424393254198716274E+01
    0.977297687967830725E-03    0.607830581665039062E+02    0.209382179052595330E+01    0.105821146807588121E+03    0.421827440931914666E+01
    0.990059770837880670E-03    0.607371101379394531E+02    0.121006548568373118E+01    0.757633917846680305E+02    0.456363551057714290E+01
    0.984431659985865893E-03    0.607285118103027344E+02    0.218734757815504377E+01    0.667494149687978933E+02    0.422114558213418611E+01
    0.978169257573807422E-03    0.607212753295898438E+02    0.160168912308550926E+01    0.105110083363822199E+03    0.430429745913369999E+01
    0.979289548378064036E-03    0.606989860534667969E+02    0.146859821543946056E+01    0.103639045888920023E+03    0.446540853577928676E+01
    0.988125082761629435E-03    0.606610221862792969E+02    0.193541553123260224E+01    0.103081600304249875E+03    0.423421434309019862E+01
    0.981577040517997565E-03    0.606543197631835938E+02    0.152992806289820948E+01    0.114261699114068662E+03    0.429283339520079199E+01
    0.988515744992890652E-03    0.606202316284179688E+02    0.171091269420797421E+01    0.110085847683233482E+03    0.441499586248564047E+01
    0.985556491355073011E-03    0.606062278747558594E+02    0.242553778326563041E+01    0.114921370352222482E+03    0.409323472592567139E+01
    0.979051613633417613E-03    0.605994720458984375E+02    0.399860043396142562E+00    0.798069101788692308E+02    0.494984980963400645E+01
    0.991367550170241339E-03    0.605544700622558594E+02    0.692525745866531817E+00    0.123274022709311737E+03    0.475124261583763641E+01
    0.986085533777249874E-03    0.605451545715332031E+02    0.228288814425468445E+01    0.668942368030548096E+02    0.415757869482040388E+01
    0.991910836369324202E-03    0.605133743286132812E+02    0.771004287093702168E+00    0.633282684661745563E+02    0.473231488848336657E+01
    0.986878124077355222E-03    0.605035476684570312E+02    0.112948654419814654E+01    0.109678846387471353E+03    0.446322201071245761E+01
    0.994476261639369889E-03    0.604682083129882812E+02    0.231880818676042066E+01    0.102497922116105684E+03    0.412754237265017032E+01
    0.100544702901140919E-02    0.604262657165527344E+02    0.184422167342189036E+01    0.860243857264414800E+02    0.433893343288257949E+01
    0.101949994030985178E-02    0.603785057067871094E+02    0.214494059391323555E+01    0.111698236882045848E+03    0.418335335817499576E+01
    0.108544066792576354E-02    0.602331581115722656E+02    0.707608045976551692E+00    0.124294266539553590E+03    0.481353672505225738E+01
    0.108196422766802152E-02    0.602195739746093750E+02    0.690977473348779458E+00    0.708152846891591707E+02    0.478029618553541713E+01
    0.112141865506372473E-02    0.601279411315917969E+02    0.125411379746758778E+01    0.119395421029638015E+03    0.447605505041632767E+01
    0.113675202058180144E-02    0.600807800292968750E+02    0.833927243947982788E+00    0.108002487421035767E+03    0.476517254114151001E+01
    0.113163175931084697E-02    0.600698089599609375E+02    0.128462254181249436E+01    0.114266518132452504E+03    0.448440695480092000E+01
    0.112835382384082598E-02    0.600556106567382812E+02    0.144699076763056245E+01    0.870168445338880332E+02    0.445016095592487115E+01
    0.116991707848868704E-02    0.599632644653320312E+02    0.202181966526395707E+01    0.109659063050252456E+03    0.428822380340804088E+01
    0.117784786608430116E-02    0.599297523498535156E+02    0.142212048172950745E+01    0.941762959957122803E+02    0.444704176187515188E+01
    0.118756848292018557E-02    0.598933143615722656E+02    0.196368427741641294E+01    0.645783950227691719E+02    0.422878660139079265E+01
    0.119337478172124923E-02    0.598635597229003906E+02    0.111248433589935303E+01    0.790268099308013916E+02    0.449665387868881172E+01
    0.122076437567821233E-02    0.597981758117675781E+02    0.185879849473781888E+01    0.114253304602657465E+03    0.425108345879221705E+01
    0.121399150236517028E-02    0.597893028259277344E+02    0.281639921426368844E+00    0.137624611262591088E+03    0.515862653557265194E+01
    0.123893243950840828E-02    0.597286300659179688E+02    0.104025045942811634E+01    0.741607196658490722E+02    0.449326997609130441E+01
    0.124940260861367957E-02    0.596917991638183594E+02    0.171595777842893260E+01    0.115726743481586595E+03    0.430093165163455815E+01
    0.125753637988453622E-02    0.596588211059570312E+02    0.364373177289962769E+00    0.802677905559539795E+02    0.504220424890518171E+01
    0.125782452795480536E-02    0.596383628845214844E+02    0.187306257590528102E+01    0.102109249940303471E+03    0.433075818160582493E+01
    0.125615614281881539E-02    0.596210174560546875E+02    0.180463579581054656E+01    0.102439968900298211E+03    0.432530671635042463E+01
    0.131189121142577698E-02    0.595141906738281250E+02    0.383791208089531932E+00    0.797755830587624786E+02    0.504712272464803213E+01
    0.131129861613866355E-02    0.594950942993164062E+02    0.682870596647262573E+00    0.940234100818634033E+02    0.467989597320556605E+01
    0.130269595023491482E-02    0.594882583618164062E+02    0.233168517802491060E+01    0.989940516926185694E+02    0.417603982167172383E+01
    0.129300982536484778E-02    0.594831848144531250E+02    0.134095181388780316E+01    0.994777297207484992E+02    0.447236532786643437E+01
    0.128614028065439953E-02    0.594738388061523438E+02    0.136961370247569469E+01    0.113022696493758843E+03    0.440009834300137470E+01
    0.127545040374144655E-02    0.594705314636230469E+02    0.587541786273347189E+00    0.114979935482663620E+03    0.492922737573865888E+01
    0.130931074660196357E-02    0.593981285095214844E+02    0.604511766152937668E+00    0.946272128979056504E+02    0.475596862246488694E+01
    0.129764345538675306E-02    0.593960304260253906E+02    0.147768333554267883E+01    0.113011244535446167E+03    0.445491402149200422E+01
    0.128993219795707059E-02    0.593879508972167969E+02    0.134225709124294124E+01    0.995884948131470935E+02    0.446725994021146722E+01
    0.131554223745115081E-02    0.593286323547363281E+02    0.232139807245394802E+01    0.104011494086916599E+03    0.424379863180057004E+01
    0.130849308237717299E-02    0.593193778991699219E+02    0.766718683920516897E+00    0.913033473601957439E+02    0.479100503387102528E+01
    0.134214222145614612E-02    0.592485961914062500E+02    0.241223886609077454E+01    0.111801520586013794E+03    0.417122528553008998E+01
    0.134471003491306771E-02    0.592247734069824219E+02    0.140630232025499602E+01    0.960463800611870226E+02    0.442263079998770881E+01
    0.133725205431925020E-02    0.592158966064453125E+02    0.583101139014890912E+00    0.123733652571556746E+03    0.479320271889255523E+01
    0.133680607874669087E-02    0.591965637207031250E+02    0.217010294166215578E+01    0.105224518387697600E+03    0.429573065558108080E+01
    0.136339354989936526E-02    0.591371765136718750E+02    0.201149346854572775E+01    0.946077334065114002E+02    0.427209321718939616E+01
    0.135756570468252135E-02    0.591257438659667969E+02    0.168775504391540920E+01    0.857434559348349836E+02    0.426015474287856577E+01
    0.134909688014108495E-02    0.591182594299316406E+02    0.226965322212338361E+01    0.805320078402439918E+02    0.425606823965129344E+01
    0.135132742038161411E-02    0.590949554443359375E+02    0.162367265312191211E+01    0.895130451165662748E+02    0.423083128618877158E+01
    0.134331764277093816E-02    0.590868453979492188E+02    0.234191339111492969E+01    0.969767419553970171E+02    0.416501991898884594E+01
    0.134580812803086064E-02    0.590631408691406250E+02    0.163660427550380039E+01    0.108169210128935916E+03    0.425030333044326891E+01
    0.137190983370479437E-02    0.590047225952148438E+02    0.229540546176375582E+01    0.838726832320564881E+02    0.414378975210478995E+01
    0.136430620300758863E-02    0.589958381652832031E+02    0.574147348089354415E+00    0.130184994792009064E+03    0.489647026604099089E+01
    0.135291761250415886E-02    0.589926033020019531E+02    0.191185531359431815E+01    0.975919230263870219E+02    0.422884772052902846E+01
    0.135823381803887398E-02    0.589647598266601562E+02    0.193914588142233413E+01    0.946626870381977454E+02    0.423575009565687211E+01
    0.135201794162757329E-02    0.589539337158203125E+02    0.602913227488668269E+00    0.682001829487596041E+02    0.485171649493859292E+01
    0.137342469805307502E-02    0.589025154113769531E+02    0.100981181111911633E+01    0.104328664310919322E+03    0.455717097375129931E+01
    0.139078121225156225E-02    0.588573989868164062E+02    0.976895143563039192E+00    0.109924308537812195E+03    0.459299233438781940E+01
    0.140518552265873138E-02    0.588167915344238281E+02    0.193174445972614661E+01    0.112168056198242567E+03    0.420607935311159142E+01
    0.139144783747765285E-02    0.588164405822753906E+02    0.468797732914652654E+00    0.801227290032490771E+02    0.489466534811741383E+01
    0.138003797868101077E-02    0.588129081726074219E+02    0.673060593021240217E+00    0.991614354319644349E+02    0.472670841806130060E+01
    0.140184025247424128E-02    0.587615585327148438E+02    0.185117329803629538E+01    0.106425799246507069E+03    0.428821124537609322E+01
    0.139337957322266653E-02    0.587536659240722656E+02    0.708735109085798620E+00    0.776276237301748893E+02    0.480225488944272971E+01
    0.138547195649188232E-02    0.587450485229492188E+02    0.207096810313878565E+01    0.981933856997318060E+02    0.414528886084064929E+01
    0.139087894132414766E-02    0.587172584533691406E+02    0.189119967524604915E+01    0.976594634356098226E+02    0.422915943860595700E+01
    0.139839924030622093E-02    0.586864738464355469E+02    0.196495413547659958E+01    0.830974423639311510E+02    0.422979930637896562E+01
    0.140830860890554322E-02    0.586523513793945312E+02    0.556679293543863363E+00    0.112801346645968209E+03    0.492724330016883449E+01
    0.140214969853806582E-02    0.586411170959472656E+02    0.827566603436666770E+00    0.995158600506422033E+02    0.469952558612241944E+01
    0.139546931582500838E-02    0.586306686401367188E+02    0.157994583837490099E+00    0.134213751785286036E+03    0.517640402380109599E+01
    0.139308152188901378E-02    0.586140937805175781E+02    0.173272808967731606E+01    0.113545190871682905E+03    0.434222357055196806E+01
    0.139837950290741032E-02    0.585865020751953125E+02    0.277276830722820389E+00    0.840674290444247134E+02    0.508762839822008850E+01
    0.139989561228133887E-02    0.585643348693847656E+02    0.216843366622924805E+01    0.976117169857025146E+02    0.418580013513565063E+01
    0.138764077766207307E-02    0.585619201660156250E+02    0.212937054872601550E+01    0.959507573705088674E+02    0.422507169323358767E+01
    0.141588188233188889E-02    0.585016250610351562E+02    0.435291292354222370E+00    0.102634063101048312E+03    0.491204411586544154E+01
    0.143525244830360900E-02    0.584544486999511719E+02    0.213606849312782288E+01    0.103264687061309814E+03    0.419181712865829414E+01
    0.142536346732955311E-02    0.584482765197753906E+02    0.990714578502540522E+00    0.856619732247607431E+02    0.452330353635901528E+01
    0.141247881829800162E-02    0.584464378356933594E+02    0.204161128578409246E+01    0.729818464960983562E+02    0.426081240761147484E+01
    0.140384682185219572E-02    0.584386978149414062E+02    0.222276760329682643E+01    0.848100556036953890E+02    0.414945198410218197E+01
    0.142305545139130357E-02    0.583915176391601562E+02    0.209888360132114471E+01    0.897742354219839740E+02    0.426161641145403447E+01
    0.143685643961173593E-02    0.583522148132324219E+02    0.247351944444749439E+01    0.109808829334004912E+03    0.418398933437996234E+01
    0.142860671283846644E-02    0.583437309265136719E+02    0.513780410265783805E+00    0.130247112322221255E+03    0.488215714978099058E+01
    0.142312428676246816E-02    0.583314208984375000E+02    0.986962557125621087E+00    0.927905103205051205E+02    0.458620814257719811E+01
    0.142316804346904178E-02    0.583113594055175781E+02    0.674147330311198667E+00    0.810454677610840974E+02    0.478639620866433901E+01
    0.141604176571638769E-02    0.583013992309570312E+02    0.616782350882448371E+00    0.103542679028952080E+03    0.485969853206444569E+01
    0.140974685509006464E-02    0.582903099060058594E+02    0.831145982017529428E+00    0.113978450753293345E+03    0.474859931444190941E+01
    0.140632302181935005E-02    0.582751731872558594E+02    0.321579108085842669E+00    0.905993633048516642E+02    0.501641011154131089E+01
    0.139752071583414345E-02    0.582677307128906250E+02    0.771099420305411343E+00    0.874634879497978233E+02    0.470195882543308130E+01
    0.138464740049578836E-02    0.582662391662597656E+02    0.204893118337568136E+01    0.988379875873389153E+02    0.416362801793955040E+01
    0.148094975103738274E-02    0.581117630004882812E+02    0.567265042838895006E+00    0.770933805786120558E+02    0.487050062564732578E+01
    0.148151513539280058E-02    0.580909996032714844E+02    0.133279310181235755E+01    0.114900321211839753E+03    0.447270068629637230E+01
    0.149855888486423753E-02    0.580481224060058594E+02    0.116353476079548956E+01    0.707834267542816917E+02    0.444708379216369032E+01
    0.152351163467211843E-02    0.579950942993164062E+02    0.124632571513684409E+01    0.103408828411286635E+03    0.449073437244789808E+01
    0.153419344990056612E-02    0.579611206054687500E+02    0.381047147757235916E+00    0.124084895838669254E+03    0.505052849807967164E+01
    0.152783657891270561E-02    0.579494247436523438E+02    0.204996096596162847E+01    0.105242921569585889E+03    0.420635353553438218E+01
    0.151707818194783423E-02    0.579435577392578125E+02    0.200946783466018963E+00    0.136181951154640331E+03    0.518051783959854628E+01
    0.152479214917153522E-02    0.579134140014648438E+02    0.248155698836200411E+01    0.101258458933546819E+03    0.414805101340567184E+01
    0.151428623394359052E-02    0.579072418212890625E+02    0.136358691424623335E+01    0.111575726225222894E+03    0.447402382964186884E+01
    0.154139598324642621E-02    0.578517532348632812E+02    0.127965236085322509E+01    0.106366988169616732E+03    0.451481807422680426E+01
    0.155678999176199311E-02    0.578118782043457031E+02    0.637658536434173584E+00    0.124819943904876709E+03    0.487396767139434761E+01
    0.156026240553088728E-02    0.577874221801757812E+02    0.320535950740866438E+00    0.743812986941943990E+02    0.503529181037444395E+01
    0.155968850709601106E-02    0.577681579589843750E+02    0.190280195103108785E+01    0.109621060663901147E+03    0.424886752654711497E+01
    0.156347152910409222E-02    0.577433128356933594E+02    0.486505544115859556E+00    0.113790190639693904E+03    0.497960410155288713E+01
    0.155122792325030506E-02    0.577390365600585938E+02    0.207469204763407733E+01    0.892626262343325152E+02    0.424255336701525554E+01
    0.155191189624175377E-02    0.577181549072265625E+02    0.795986339049232883E+00    0.631368414568669465E+02    0.467121923606764433E+01
    0.162425723525098432E-02    0.576070289611816406E+02    0.124607587685162136E+01    0.901481774720410272E+02    0.447055088831823966E+01
    0.161938244977198479E-02    0.575930404663085938E+02    0.368310562715822298E+00    0.122287331585494258E+03    0.504894894006129480E+01
    0.160355068526542278E-02    0.575926895141601562E+02    0.304965190694605592E+00    0.120577471791052744E+03    0.503103627572570122E+01
    0.161100667818783066E-02    0.575634117126464844E+02    0.216089240359610635E+01    0.915308313558283970E+02    0.418907502769589080E+01
    0.160638612217723102E-02    0.575491561889648438E+02    0.335539782569679756E+00    0.103119912522941348E+03    0.510349946561823842E+01
    0.160646615424114045E-02    0.575290565490722656E+02    0.366099177461333913E+00    0.130108542883968596E+03    0.507707073297643152E+01
    0.160459851288911404E-02    0.575113830566406250E+02    0.201215281461794593E+01    0.924959177476133476E+02    0.420329795979802867E+01
    0.159779753614304725E-02    0.574998779296875000E+02    0.693156051508551196E+00    0.108355677382221799E+03    0.473146958102731219E+01
    0.170021777241895732E-02    0.573556175231933594E+02    0.132939546163553768E+01    0.976533114810030725E+02    0.443319176116000069E+01
    0.169497275740781842E-02    0.573417968750000000E+02    0.187401224522615517E+01    0.823517579074780173E+02    0.428976092221324912E+01
    0.172901678418275508E-02    0.572820243835449219E+02    0.460282461175233748E+00    0.116339716162398247E+03    0.490580482528806261E+01
    0.176829532242244467E-02    0.572170982360839844E+02    0.393723897003625201E+00    0.945814765755027906E+02    0.505367939805627486E+01
    0.184061037266540603E-02    0.571169357299804688E+02    0.216134910574806854E+00    0.936731248517625659E+02    0.513289356937891217E+01
    0.183075818668799518E-02    0.571076698303222656E+02    0.183350250124931335E+01    0.885059332847595215E+02    0.424887492656707710E+01
    0.184832275113743861E-02    0.570685729980468750E+02    0.130584487644726943E+01    0.732397425247642957E+02    0.446957228637015280E+01
    0.186050105727428392E-02    0.570354385375976562E+02    0.580623910150035560E+00    0.126739644071286563E+03    0.488848709467368092E+01
    0.184866559242456642E-02    0.570282020568847656E+02    0.126564428514925620E+01    0.882947685748889910E+02    0.448809944733580668E+01
    0.183641147430633426E-02    0.570215034484863281E+02    0.209670872219511661E+01    0.852062924851561831E+02    0.423924558031862286E+01
    0.182176984030631172E-02    0.570175132751464844E+02    0.575064688152069903E+00    0.744990849978426581E+02    0.487483174741143976E+01
    0.181201850154319899E-02    0.570082473754882812E+02    0.643257294048272699E+00    0.103528325862205747E+03    0.484895234338533410E+01
    0.179399203796824932E-02    0.570082435607910156E+02    0.228267309471473379E+01    0.957525687467650499E+02    0.413062766834826967E+01
    0.178123377421341616E-02    0.570025177001953125E+02    0.142637974227462849E+01    0.994902383560584838E+02    0.447200104417619659E+01
    0.177203736884268964E-02    0.569928703308105469E+02    0.387401919316329169E+00    0.768534795999485425E+02    0.500422562757466061E+01
    0.185158690322089056E-02    0.568850440979003906E+02    0.241294801235198975E+00    0.897663688659667969E+02    0.516118035316467250E+01
    0.184065755688570974E-02    0.568768844604492188E+02    0.403933228801550359E+00    0.758874101905461629E+02    0.496726480926689806E+01
    0.184212255432886240E-02    0.568552932739257812E+02    0.552949418300496487E+00    0.130442234586156445E+03    0.493451126295190701E+01
    0.182766893332037797E-02    0.568510475158691406E+02    0.142521798610687256E+01    0.777356600761413574E+02    0.443156285285949636E+01
    0.181364694171571900E-02    0.568464508056640625E+02    0.305430185331848458E+00    0.115201852889296191E+03    0.511624469297266771E+01
    0.182861123328750342E-02    0.568100166320800781E+02    0.126294563558909534E+01    0.901385681991737329E+02    0.446571597327262726E+01
    0.181975323931056867E-02    0.567997283935546875E+02    0.471096036013818331E+00    0.742838285772232041E+02    0.486408467296303915E+01
    0.180354770597003565E-02    0.567976188659667969E+02    0.481957709865315498E+00    0.100908473446976387E+03    0.499201661029674604E+01
    0.180105584595561131E-02    0.567803840637207031E+02    0.535637463713718232E+00    0.112115562391958889E+03    0.496718390584151770E+01
    0.179735001524080305E-02    0.567645034790039062E+02    0.429725601542443048E+00    0.115344501093777623E+03    0.500809945455631667E+01
    0.178361506307395524E-02    0.567598457336425781E+02    0.696203257975570367E+00    0.119050392067906216E+03    0.478729752504271300E+01
    0.177895745444065488E-02    0.567450752258300781E+02    0.769735652490943778E+00    0.960994563751331725E+02    0.469564603005090220E+01
    0.176206967758425629E-02    0.567441520690917969E+02    0.551355402817223061E+00    0.897032905852482827E+02    0.480139050955557156E+01
    0.175492257700300257E-02    0.567322807312011719E+02    0.127308635486675081E+01    0.107556972556229056E+03    0.443674553203173616E+01
    0.175510373947865522E-02    0.567120742797851562E+02    0.121994998517898434E+01    0.102864215556959067E+03    0.448061351985141876E+01
    0.174279820578683337E-02    0.567061462402343750E+02    0.750018954277038574E+00    0.997066235542297363E+02    0.471566581726074219E+01
    0.174667551553737348E-02    0.566817016601562500E+02    0.184445243922786273E+01    0.900580252447467160E+02    0.421142770624798146E+01
    0.173211821085179169E-02    0.566784400939941406E+02    0.302009789528051242E+00    0.105833174838072438E+03    0.512991569840502226E+01
    0.172488531611542659E-02    0.566668090820312500E+02    0.186342209456248087E+01    0.953321579827274093E+02    0.423854749380877927E+01
    0.185282790700683122E-02    0.565037040710449219E+02    0.373558625468400796E+00    0.111753629758044596E+03    0.499150423383623121E+01
    0.183506035861520428E-02    0.565029754638671875E+02    0.514754441290445675E+00    0.110200832526667796E+03    0.488162327656825035E+01
    0.186649893679906483E-02    0.564490013122558594E+02    0.298648247312939707E+00    0.971421396851009433E+02    0.509684736777482605E+01
    0.185735821433931098E-02    0.564388198852539062E+02    0.574685950918439326E+00    0.800489772969673368E+02    0.487328472291408676E+01
    0.183993672517478754E-02    0.564376678466796875E+02    0.512047545574410234E+00    0.737147314500768687E+02    0.487309151445339062E+01
    0.185873056899462123E-02    0.563973426818847656E+02    0.430484933043639884E+00    0.916257529962911121E+02    0.501837422719237392E+01
    0.184056585770932843E-02    0.563969841003417969E+02    0.608825463526509569E+00    0.721074957812926840E+02    0.484920315128661628E+01
    0.184214321423594482E-02    0.563752708435058594E+02    0.731312706515628852E+00    0.100258533711293921E+03    0.471038491468559961E+01
    0.183255194298479764E-02    0.563657112121582031E+02    0.543057390539630203E+00    0.932337134032137556E+02    0.479277069832543035E+01
    0.184461578275585620E-02    0.563325881958007812E+02    0.215019738487533152E+01    0.985954166300908241E+02    0.424494573947089737E+01
    0.184970014271862047E-02    0.563070831298828125E+02    0.430354572895875809E+00    0.134430270841900381E+03    0.495378916641544009E+01
    0.189194760557084471E-02    0.562419166564941406E+02    0.595764042204676825E+00    0.943401566434356766E+02    0.475510888742058135E+01
    0.192927072962082152E-02    0.561828460693359375E+02    0.126533333006661697E+01    0.820235344091460092E+02    0.447049818421561085E+01
    0.191060614307824090E-02    0.561822891235351562E+02    0.211265536413243105E+01    0.827490652190841587E+02    0.428162967498380631E+01
    0.190362615697728366E-02    0.561696090698242188E+02    0.444321735956459740E+00    0.130141519173791437E+03    0.498652211609956542E+01
    0.188678166565788442E-02    0.561673851013183594E+02    0.553924491859504875E+00    0.755950430341918036E+02    0.483200902384586151E+01
    0.189244782415636014E-02    0.561413879394531250E+02    0.546270046787358354E+00    0.121907923373782126E+03    0.490956897131225567E+01
    0.188044858485056344E-02    0.561341094970703125E+02    0.820683571878919160E+00    0.921944077435455682E+02    0.465010934056023828E+01
    0.193633307539454319E-02    0.560555381774902344E+02    0.463247745871200323E+00    0.991166009734013471E+02    0.488933870528942016E+01
    0.192214453817768621E-02    0.560502471923828125E+02    0.563425150622382298E+00    0.954367016131034660E+02    0.485897552441275771E+01
    0.196305272596247835E-02    0.559881286621093750E+02    0.406837715808345546E+00    0.118467873797164884E+03    0.497967740093732747E+01
    0.199357507454276175E-02    0.559372711181640625E+02    0.123597476499711556E+01    0.749226816973229575E+02    0.449534222934380612E+01
    0.201089057157272317E-02    0.558999748229980469E+02    0.634338909923686023E+00    0.893189113572284157E+02    0.475829206735875410E+01
    0.199485782282606255E-02    0.558959846496582031E+02    0.580977877388542563E+00    0.769236778602090254E+02    0.487786431831367651E+01
    0.201361268065335759E-02    0.558572692871093750E+02    0.647473889863389274E+00    0.110529660237651655E+03    0.487610501244960126E+01
    0.205075663060256923E-02    0.558007125854492188E+02    0.644293266545756249E+00    0.129302952140971399E+03    0.485941741512881276E+01
    0.203511237250458745E-02    0.557960281372070312E+02    0.655772874047689580E+00    0.100118549601557575E+03    0.478047086452867909E+01
    0.203515553711941478E-02    0.557759857177734375E+02    0.437282781779416596E+00    0.117580186764042963E+03    0.499234722628732985E+01
    0.207079618369068134E-02    0.557212638854980469E+02    0.133502646072063302E+01    0.107731720059379029E+03    0.443088615034372868E+01
    0.205417218413972164E-02    0.557173843383789062E+02    0.407827796917920871E+00    0.945955564856527076E+02    0.498016499034417759E+01
    0.204065703493983182E-02    0.557105865478515625E+02    0.189484380159475663E+01    0.100548368585795629E+03    0.428723575647207600E+01
    0.202818995938129068E-02    0.557028427124023438E+02    0.250055074412091294E+00    0.106515420571427526E+03    0.510129011346630268E+01
    0.202438356152787133E-02    0.556865997314453125E+02    0.247683440685870365E+00    0.139175800571674927E+03    0.513616674780618432E+01
    0.203716618988390719E-02    0.556540107727050781E+02    0.388921328195473759E+00    0.108803903071166971E+03    0.497356031253811715E+01
    0.204195153877466656E-02    0.556293182373046875E+02    0.631415794883423587E+00    0.123692728649688533E+03    0.483168991800219860E+01
    0.204099802403584409E-02    0.556102523803710938E+02    0.118368313186587248E+00    0.140935703820644903E+03    0.518909731319551693E+01
    0.203827139485061263E-02    0.555929260253906250E+02    0.634881822888669345E+00    0.859180058314298378E+02    0.481516829725643536E+01
    0.203898732280185201E-02    0.555722236633300781E+02    0.787153257956698660E+00    0.950274728758244578E+02    0.467985020715820355E+01
    0.203084097022515359E-02    0.555602302551269531E+02    0.899821402999862130E+00    0.893276799370418360E+02    0.461553641450348984E+01
    0.201219904557428794E-02    0.555586738586425781E+02    0.498401097430556272E+00    0.929009119239313605E+02    0.493939551951528077E+01
    0.201326674359428737E-02    0.555376129150390625E+02    0.331771905005357248E+00    0.121541733515950767E+03    0.512013986183062286E+01
    0.201812682313713644E-02    0.555127906799316406E+02    0.409230719858452441E+00    0.125962462390116912E+03    0.498689163096935939E+01
    0.200830482781894472E-02    0.555025482177734375E+02    0.343367216152252630E+00    0.134115518810488709E+03    0.508264911246324225E+01
    0.199618769424410791E-02    0.554946517944335938E+02    0.275102744014625089E+00    0.136088599722567380E+03    0.508340173406589813E+01
    0.199335363257986415E-02    0.554774932861328125E+02    0.678127363591887411E+00    0.105783953772564914E+03    0.474729400245403266E+01
    0.197563980954520079E-02    0.554753456115722656E+02    0.726914056489545546E+00    0.109262119845463189E+03    0.471750676541828895E+01
    0.197960087288906418E-02    0.554513397216796875E+02    0.552078560578099564E+00    0.129071698609464278E+03    0.487050650182889378E+01
    0.196419969265490416E-02    0.554469604492187500E+02    0.645478805000907707E+00    0.895203263765171897E+02    0.476255303613315295E+01
    0.194661127666181932E-02    0.554449501037597656E+02    0.349838200774319485E+00    0.117784061143476592E+03    0.501155954493538935E+01
    0.193102840964944284E-02    0.554410247802734375E+02    0.627402595741707869E+00    0.105477254636600804E+03    0.482308190093053568E+01
    0.192608504379923216E-02    0.554261512756347656E+02    0.827383785765581359E+00    0.968660856789235680E+02    0.469264972325690977E+01
    0.196985546331986030E-02    0.553612098693847656E+02    0.496502802817547551E+00    0.113706251961652953E+03    0.495370548780058151E+01
    0.196049648635691909E-02    0.553507347106933594E+02    0.194557786753328077E+00    0.139823495614707241E+03    0.514230567478399614E+01
    0.194218538104005056E-02    0.553495025634765625E+02    0.720924254331285708E+00    0.896014026279439122E+02    0.470757241903270973E+01
    0.197016493071087203E-02    0.553008956909179688E+02    0.297653498725194754E+00    0.106209043817871830E+03    0.505035347241039378E+01
    0.195316375657635273E-02    0.552982292175292969E+02    0.467291650513827928E+00    0.884096028952014734E+02    0.494267418117360702E+01
    0.197951478677130602E-02    0.552514266967773438E+02    0.907267405122184289E+00    0.904357848542398699E+02    0.463952132266492345E+01
    0.199460321588070064E-02    0.552162399291992188E+02    0.366253011372933202E+00    0.119556660098650241E+03    0.508399105090011005E+01
    0.197821353024301132E-02    0.552127418518066406E+02    0.225404233482414840E+00    0.120643414093136585E+03    0.519947606399250351E+01
    0.196839054956633426E-02    0.552026977539062500E+02    0.634519755699815891E+00    0.807090746511404262E+02    0.479038421740993492E+01
    0.196535977489352507E-02    0.551857795715332031E+02    0.613478683767062716E+00    0.834038574412833498E+02    0.485068628118530754E+01
    0.194772753570398530E-02    0.551838035583496094E+02    0.638391713903821434E+00    0.109449950849594728E+03    0.484658317255986937E+01
    0.194148937030600116E-02    0.551702194213867188E+02    0.261938874511938813E+00    0.139194545549870668E+03    0.510826976313600767E+01
    0.192482375604237908E-02    0.551674613952636719E+02    0.388517336156373516E+00    0.118861675713896403E+03    0.499658017601152515E+01
    0.191430536759970397E-02    0.551584205627441406E+02    0.482347300254773126E+00    0.937721531482889930E+02    0.489918318321106483E+01
    0.189549631049041895E-02    0.551581687927246094E+02    0.122542734157746358E+00    0.119379880042860975E+03    0.519786077469497343E+01
    0.191256174205058299E-02    0.551202430725097656E+02    0.200318763549983098E+00    0.132595749864124457E+03    0.514396577627381824E+01
    0.191670340130173649E-02    0.550959167480468750E+02    0.727452440672535894E+00    0.112796707736497439E+03    0.477361027044650665E+01
    0.191030588525194461E-02    0.550826034545898438E+02    0.264295548059601093E+00    0.109736950099284655E+03    0.506668485537778768E+01
    0.192852696629559244E-02    0.550436172485351562E+02    0.514677844489225600E+00    0.112987525610186196E+03    0.493972383734199205E+01
    0.337065332483634525E-02    0.539268836975097656E+02    0.494420637006977137E+00    0.944513838758208806E+02    0.491060568078581117E+01
    0.206812860411968898E-02    0.549038085937500000E+02    0.363026005975668198E+00    0.879313076164765732E+02    0.505145267221985961E+01
    0.232093045340223255E-02    0.546731605529785156E+02    0.399443604864470114E+00    0.858785599854276143E+02    0.499419211648773675E+01
    0.196375729813887904E-02    0.550073776245117188E+02    0.572478962096660604E+00    0.858165672728349875E+02    0.488774223098638405E+01
    0.319429703341823955E-02    0.540343627929687500E+02    0.556804579038415626E+00    0.903819723950188916E+02    0.490548016491425720E+01
    0.762498857796295535E-02    0.522942352294921875E+02    0.449708629808244775E+00    0.100597303828452439E+03    0.497619968199945184E+01
    0.429248121296886640E-02    0.534433670043945312E+02    0.388478367888923704E+00    0.101120797717915451E+03    0.498053518353728464E+01
    0.250691208417890476E-02    0.545189933776855469E+02    0.641319650590753243E+00    0.100398972772937626E+03    0.482782046265420473E+01
    0.247020766856077519E-02    0.545484924316406250E+02    0.541972155243544251E+00    0.995823738562844483E+02    0.488106054892561758E+01
    0.849098733478018640E-02    0.520790863037109375E+02    0.533773367679428512E+00    0.100786748387922046E+03    0.486587164741886014E+01
    0.391848506663156678E-02    0.536256866455078125E+02    0.616525364725604041E+00    0.979797914793291511E+02    0.479156864302140928E+01
    0.400694347467909096E-02    0.535810394287109375E+02    0.523824366065608560E+00    0.993739274284394014E+02    0.493901040382932877E+01
    0.255194277734902431E-02    0.544833869934082031E+02    0.581544810902022924E+00    0.108441522043585010E+03    0.482912597239526420E+01
    0.247812630996410103E-02    0.545420913696289062E+02    0.678523637512800204E+00    0.107808745732733883E+03    0.481870578750640988E+01
    0.663258155165710912E-02    0.525731086730957031E+02    0.611952841314524765E+00    0.103381842538282413E+03    0.488071843726580745E+01
    0.481701588423483641E-02    0.532127876281738281E+02    0.671411171783710681E+00    0.112559068057465595E+03    0.478136458510869655E+01
    0.200915450066970029E-01    0.503564987182617188E+02    0.591741393285419637E+00    0.102812847078271588E+03    0.482962518185936318E+01
    0.508885031396041736E-02    0.531029930114746094E+02    0.581994846985072867E+00    0.104602637562779563E+03    0.486785303175370743E+01
    0.148318511071444462E-01    0.509635429382324219E+02    0.559178286154402904E+00    0.100784933745488843E+03    0.488842125839890773E+01
    0.301268140141437366E-02    0.541514358520507812E+02    0.559582761024394859E+00    0.106747668818387780E+03    0.490472514608191013E+01
    0.468113490214782432E-02    0.532700157165527344E+02    0.550847433771162076E+00    0.104410055026115174E+03    0.490026459982668250E+01
    0.719453378438424281E-02    0.524104537963867188E+02    0.454667284348647227E+00    0.897817669294074818E+02    0.492283646312795931E+01
    0.226127119743213317E-02    0.547252426147460938E+02    0.435846057890875993E+00    0.968421053985142066E+02    0.494408080387006343E+01
    0.349546487225025964E-02    0.538541641235351562E+02    0.441957888445744351E+00    0.108251998060012284E+03    0.492060263706835244E+01
    0.360121941531560061E-02    0.537945518493652344E+02    0.566834694442204023E+00    0.959604605005612825E+02    0.485047185866579333E+01
    0.309890191854055898E-02    0.540950012207031250E+02    0.472448455110373144E+00    0.949072633911695505E+02    0.497144038938652066E+01
    0.490676048604885614E-02    0.531758689880371094E+02    0.447988204858372485E+00    0.105182113163659949E+03    0.497117883600942356E+01
    0.654766210472040346E-02    0.525988807678222656E+02    0.575155988188516654E+00    0.115925548013273854E+03    0.482892819931333417E+01
    0.207456151810899332E-01    0.502924270629882812E+02    0.510410811759186789E+00    0.929781953827255023E+02    0.491778610892268908E+01
    0.277702720431764012E-02    0.543143348693847656E+02    0.676503042614404637E+00    0.103264355991408095E+03    0.481799592676071775E+01
    0.366581583128487709E-02    0.537589950561523438E+02    0.591176582104636861E+00    0.109472976287002098E+03    0.490075015021496707E+01
    0.254397749250532190E-02    0.544896392822265625E+02    0.377830161635225925E+00    0.902263633940273735E+02    0.501715618384621820E+01
    0.590086191222213233E-02    0.528069000244140625E+02    0.915272984457511596E+00    0.953172074978205046E+02    0.461017257128170055E+01
    0.215895506077584199E-02    0.548178482055664062E+02    0.911125538780777289E+00    0.903491482480022796E+02    0.464041805358608173E+01
    0.292961963437129080E-02    0.542073516845703125E+02    0.782030466622210985E+00    0.952026244387563167E+02    0.471801976017539459E+01
    0.281363929348666829E-02    0.542881393432617188E+02    0.778930276535559463E+00    0.861804048544775014E+02    0.467307478646367613E+01
    0.506407263618636506E-02    0.531127548217773438E+02    0.776425124874065453E+00    0.100332771988363845E+03    0.468470006878446288E+01
    0.242503684496729773E-02    0.545854034423828125E+02    0.143822418611498382E+01    0.913125136636730872E+02    0.441055656647487648E+01
    0.239397448375882217E-02    0.546111869812011719E+02    0.169407147313621587E+01    0.939167973646804768E+02    0.432640652511039558E+01
    0.126667456986884717E-01    0.512791366577148438E+02    0.491126510549577622E+00    0.768291389342722937E+02    0.491857240819458408E+01
    0.210024016956012523E-02    0.548729934692382812E+02    0.534351742566254728E+00    0.804304186380626760E+02    0.489648872882880504E+01
    0.354405576230264630E-02    0.538265533447265625E+02    0.639964817080937109E+00    0.872877582576017232E+02    0.480519015303380748E+01
    0.196842231922371175E-02    0.550026321411132812E+02    0.558425127981683755E+00    0.793622906922176696E+02    0.484397019728702460E+01
    0.346918919859055168E-02    0.538692550659179688E+02    0.578427644107738725E+00    0.872302143225163746E+02    0.482417151453075377E+01
    0.391192845893817594E-02    0.536290359497070312E+02    0.715492564832220901E+00    0.899571808655989855E+02    0.476611792441998894E+01
    0.867614582295133177E-02    0.520359420776367188E+02    0.194640104644517253E+00    0.108901210141262183E+03    0.519023580670677376E+01
    0.213131720878982980E-02    0.548436164855957031E+02    0.220017449236252910E+00    0.108534718306200233E+03    0.519724818779745501E+01
    0.589762136208789658E-02    0.528079986572265625E+02    0.249991912434645636E+00    0.108112289060753056E+03    0.514427831382825218E+01
    0.400543051802959571E-02    0.535817947387695312E+02    0.276870180122993970E+00    0.101834944451197757E+03    0.505946572649756288E+01
    0.789938919012486349E-02    0.522235260009765625E+02    0.312034719223963086E+00    0.107229098310889185E+03    0.504235769347780760E+01
    0.768644858936466755E-02    0.522781791687011719E+02    0.217541022890941321E+00    0.112347765787121631E+03    0.517142580848340572E+01
    0.466024419183545813E-02    0.532789611816406250E+02    0.218830547818216481E+00    0.102706599496673789E+03    0.518432963951269787E+01
    0.127463844394875223E-01    0.512666015625000000E+02    0.363489671142611104E+00    0.101245987401408314E+03    0.504117885819464817E+01
    0.460349151613992456E-02    0.533034667968750000E+02    0.311552407384806662E+00    0.100231993954513285E+03    0.504571754235633829E+01
    0.109701238075801955E-01    0.515667457580566406E+02    0.215161300948196049E+00    0.104751007207738212E+03    0.516511430469227495E+01
    0.198201137536586133E-02    0.549888725280761719E+02    0.304688372361543502E+00    0.105854457946503672E+03    0.509709702001977583E+01
    0.475111702402776157E-02    0.532403373718261719E+02    0.220473686192411950E+00    0.103501476875557543E+03    0.516156448616204955E+01
    0.214851383818553503E-01    0.502223739624023438E+02    0.260100766516316029E+00    0.111371590367385835E+03    0.517063904861203927E+01
    0.195781086354743098E-02    0.550134429931640625E+02    0.146351437260046929E+00    0.113927782981563524E+03    0.518297185663194249E+01
    0.164600986136000035E-01    0.507552185058593750E+02    0.141918250097367776E+00    0.112514981338372650E+03    0.519922016200250425E+01
    0.284050308339039602E-02    0.542691345214843750E+02    0.278456360101699829E+00    0.118398163318634033E+03    0.508954169750213570E+01
    0.224510792533662599E-02    0.547395896911621094E+02    0.395385586759981034E+00    0.114320280766896147E+03    0.500129175859962594E+01
    0.222343506670534263E-01    0.501538200378417969E+02    0.481899678707122803E+00    0.117479989528656006E+03    0.494691009521484304E+01
    0.379567374911135395E-02    0.536893730163574219E+02    0.461461033995759329E+00    0.119622242106081984E+03    0.492745095238373221E+01
    0.110430967483755929E-01    0.515534858703613281E+02    0.418688661543935470E+00    0.112329596287465762E+03    0.498665345136800298E+01
    0.133722187757475772E-01    0.511707382202148438E+02    0.452558022138636828E+00    0.113423658389123460E+03    0.498330141943303762E+01
    0.521498685548259840E-02    0.530540237426757812E+02    0.371408658014483306E+00    0.113422817387983827E+03    0.502359180915056314E+01
    0.218857036166548481E-02    0.547905998229980469E+02    0.460608964178747859E+00    0.107100350936536302E+03    0.497821106493812238E+01
    0.644361772891456457E-02    0.526309165954589844E+02    0.445765420270174184E+00    0.110556539968129698E+03    0.494162532856904679E+01
    0.172608962613731570E-01    0.506602096557617188E+02    0.419996191055328483E+00    0.117178103040349612E+03    0.496721127198689949E+01
    0.741317842964039214E-02    0.523505783081054688E+02    0.416512037043063832E+00    0.109608641254290916E+03    0.493387693894816071E+01
    0.447302795828662721E-02    0.533609657287597656E+02    0.485879383161874401E+00    0.116261176874543310E+03    0.497250854975869050E+01
    0.364487195499055240E-02    0.537704544067382812E+02    0.531188021525573872E+00    0.128943344289375148E+03    0.488574749535693265E+01
    0.219265670240394867E-02    0.547868690490722656E+02    0.380806726487960046E+00    0.130965770854076339E+03    0.501926984841203794E+01
    0.114415741662068568E-01    0.514825897216796875E+02    0.178866244057146906E+00    0.121011752082763110E+03    0.519679750800135576E+01
    0.685074903396448286E-02    0.525083808898925781E+02    0.272927043647936740E+00    0.127711787061493609E+03    0.510383094745404353E+01
    0.599854466570360831E-02    0.527740631103515625E+02    0.171844826019595387E+00    0.122559777425952802E+03    0.518718665921584865E+01
    0.499001376131339488E-02    0.531422195434570312E+02    0.207065201038612479E+00    0.125055966390345148E+03    0.519257059310423408E+01
    0.539485332927534898E-02    0.529862060546875000E+02    0.249457456031504349E+00    0.110606855539770123E+03    0.511104361842188570E+01
    0.213661255578850677E-02    0.548386535644531250E+02    0.448316023194426705E+00    0.112082025283668514E+03    0.492870934259621762E+01
    0.372132173790807761E-02    0.537289390563964844E+02    0.183281259319765522E+00    0.987816593558036402E+02    0.518014027654698417E+01
    0.264051399928467816E-02    0.544151496887207031E+02    0.286401915736812562E+00    0.124774274189851724E+03    0.513306937812354125E+01
    0.443818471776020150E-02    0.533766059875488281E+02    0.390942084938365908E+00    0.119170349668146741E+03    0.498861254238730556E+01
    0.444908428269816247E-02    0.533717002868652344E+02    0.466899778283756284E+00    0.123883505574125380E+03    0.493471345722661070E+01
    0.404468366477477026E-02    0.535622901916503906E+02    0.200715249630541770E+00    0.110651364678429019E+03    0.516116379195942088E+01
    0.579216476340495140E-01    0.482389144897460938E+02    0.235390232730392557E+00    0.108476962084979931E+03    0.514248185962412752E+01
    0.242498134091396426E-02    0.545854492187500000E+02    0.273971766986574383E+00    0.124024465581071510E+03    0.516545951192524111E+01
    0.487510825977558078E-02    0.531888122558593750E+02    0.357499715691311226E+00    0.106837865239318091E+03    0.501927667448839099E+01
    0.385441018353855930E-02    0.536586608886718750E+02    0.274642271822151507E+00    0.126428414444873809E+03    0.513824205267345668E+01
    0.567826812473295854E-02    0.528838043212890625E+02    0.238718327693553112E+00    0.131555018540063202E+03    0.517483065255848462E+01
    0.968377811028050747E-02    0.518161926269531250E+02    0.169636813980147239E+00    0.134454335809085961E+03    0.518562860423813543E+01
    0.473739881953292707E-02    0.532461204528808594E+02    0.288014372617593162E+00    0.137083528046456621E+03    0.511305723795330014E+01
    0.204419012944846322E-02    0.549270935058593750E+02    0.335748384801214328E+00    0.134658897098026273E+03    0.506361318826970663E+01
    0.575655459102049957E-02    0.528564186096191406E+02    0.198025837038080299E+00    0.135835036752878011E+03    0.519572380778614473E+01
    0.240962335629862304E-02    0.545981559753417969E+02    0.305581139362877063E+00    0.129368223210949537E+03    0.510468684172379117E+01
    0.259101784567738504E-02    0.544529953002929688E+02    0.330274814670239947E+00    0.132111050857826712E+03    0.505347629163689938E+01
    0.436625293680951553E-02    0.534092864990234375E+02    0.281273647952146544E+00    0.126572043661399348E+03    0.510635534614708764E+01
    0.361745937745779544E-02    0.537855529785156250E+02    0.488476802809656718E+00    0.128363073672907831E+03    0.496135760131857850E+01
    0.209077561143716653E-02    0.548820266723632812E+02    0.187549123555657837E+00    0.107859610566791645E+03    0.517081193543096163E+01
    0.597523833384112652E-02    0.527818489074707031E+02    0.423024201195344007E+00    0.114641567805280019E+03    0.500309977181515375E+01
