   0.209957861900329612E+000   0.114843389987945557E+003   0.412892441749572736E+001  -0.908817260742187500E+003  -0.100000000000000002E+101  -0.460515351937698814E+001    1
   0.252081096172332764E+000   0.107284132242202759E+003   0.419018057584762538E+001  -0.698431091308593750E+003  -0.100000000000000002E+101  -0.461515351937698259E+001    1
   0.343668127059936546E+000   0.126688638925552368E+003   0.405531183481216395E+001  -0.646111083984375000E+003  -0.100000000000000002E+101  -0.462515351937698149E+001    1
   0.476283943653106723E+000   0.792621469497680664E+002   0.385697493553161586E+001  -0.504363952636718750E+003  -0.100000000000000002E+101  -0.463515351937698661E+001    1
   0.413686871528625488E+000   0.122929487228393555E+003   0.407343391180038417E+001  -0.483710205078125000E+003  -0.100000000000000002E+101  -0.464515351937698728E+001    1
   0.233387815952301042E+000   0.149223933219909668E+003   0.446046822071075422E+001  -0.449143615722656250E+003  -0.100000000000000002E+101  -0.465515351937698174E+001    1
   0.284544193744659446E+000   0.121503159999847412E+003   0.450592954158782888E+001  -0.308903228759765625E+003  -0.100000000000000002E+101  -0.466515351937698153E+001    1
   0.691398394107818559E+000   0.992788887023925781E+002   0.385594871044158927E+001  -0.279266723632812500E+003  -0.100000000000000002E+101  -0.467515351937698398E+001    1
   0.526322805881500266E+000   0.602162754535675049E+002   0.415407102108001691E+001  -0.262006317138671875E+003  -0.100000000000000002E+101  -0.468515351937698377E+001    1
   0.570340216159820557E+000   0.728040134906768799E+002   0.410540159940719551E+001  -0.249887542724609375E+003  -0.483710205078125000E+003  -0.469515351937698444E+001    1
   0.402098548412323009E+000   0.850784039497375488E+002   0.438876506090164131E+001  -0.245562530517578125E+003  -0.100000000000000002E+101  -0.470515351937698423E+001    1
   0.190025830268859863E+001   0.155598489046096802E+003   0.515760976076126099E+001  -0.216125015258789062E+003  -0.646111083984375000E+003  -0.471515351937698135E+001    1
   0.197639784812927255E+001   0.127254507541656494E+003   0.513942643404006905E+001  -0.211155761718750000E+003  -0.100000000000000002E+101  -0.472515351937698025E+001    1
   0.139619784355163579E+001   0.617056763172149658E+002   0.518160688877105713E+001  -0.205187149047851562E+003  -0.100000000000000002E+101  -0.473515351937698448E+001    1
   0.229647421836853050E+000   0.145047632455825806E+003   0.471945737600326520E+001  -0.202530288696289062E+003  -0.100000000000000002E+101  -0.474515351937698782E+001    1
   0.136589778661727901E+001   0.102257666587829590E+003   0.516131495237350446E+001  -0.185569885253906250E+003  -0.100000000000000002E+101  -0.475515351937698494E+001    1
   0.820406961441040083E+000   0.149016079902648926E+003   0.400446796417236328E+001  -0.184460250854492188E+003  -0.202530288696289062E+003  -0.476515351937698117E+001    1
   0.193517980575561532E+001   0.606220638751983643E+002   0.505202581882476753E+001  -0.179336410522460938E+003  -0.100000000000000002E+101  -0.477515351937698451E+001    1
   0.639802348613738969E+000   0.130348131656646729E+003   0.421334507465362496E+001  -0.173136169433593750E+003  -0.100000000000000002E+101  -0.478515351937698341E+001    1
   0.130363438129425058E+001   0.128553471565246582E+003   0.514072878360748220E+001  -0.162495895385742188E+003  -0.100000000000000002E+101  -0.479515351937697876E+001    1
   0.981317293643951372E+000   0.910167014598846436E+002   0.381076050996780369E+001  -0.160312576293945312E+003  -0.100000000000000002E+101  -0.480515351937698032E+001    1
   0.947971320152282804E+000   0.622314369678497314E+002   0.385307831764221165E+001  -0.156286437988281250E+003  -0.245562530517578125E+003  -0.481515351937698277E+001    1
   0.661531782150268644E+000   0.118228433132171631E+003   0.423383152484893799E+001  -0.155083496093750000E+003  -0.100000000000000002E+101  -0.482515351937698345E+001    1
   0.955118227005004927E+000   0.156983355283737183E+003   0.399831253290176392E+001  -0.152568969726562500E+003  -0.100000000000000002E+101  -0.483515351937698323E+001    1
   0.789594280719757124E+000   0.155479416847229004E+003   0.418333128690719569E+001  -0.144099609375000000E+003  -0.100000000000000002E+101  -0.484515351937698480E+001    1
   0.487999618053436279E+000   0.139668807983398438E+003   0.448972948789596504E+001  -0.142233810424804688E+003  -0.144099609375000000E+003  -0.485515351937698814E+001    1
   0.193344902992248535E+001   0.112237325906753540E+003   0.495391784906387311E+001  -0.140991348266601562E+003  -0.279266723632812500E+003  -0.486515351937698437E+001    1
   0.677292978763580411E+000   0.655439889430999756E+002   0.421678006649017334E+001  -0.137263702392578125E+003  -0.100000000000000002E+101  -0.487515351937698149E+001    1
   0.934563386440277144E+000   0.152909449338912964E+003   0.517301732301712036E+001  -0.136136032104492188E+003  -0.100000000000000002E+101  -0.488515351937698572E+001    1
   0.959419631958007946E+000   0.650356626510620117E+002   0.512909951210021919E+001  -0.131144378662109375E+003  -0.100000000000000002E+101  -0.489515351937698817E+001    1
   0.105400612354278578E+001   0.685460007190704346E+002   0.384846122264862034E+001  -0.130340850830078125E+003  -0.100000000000000002E+101  -0.490515351937698973E+001    1
   0.110010117292404175E+001   0.129258201122283936E+003   0.388694307804107630E+001  -0.127540351867675781E+003  -0.100000000000000002E+101  -0.491515351937698775E+001    1
   0.986037015914916992E+000   0.154991701841354370E+003   0.406171543598175067E+001  -0.125172805786132812E+003  -0.100000000000000002E+101  -0.492515351937698220E+001    1
   0.189678741693496700E+001   0.812839126586914062E+002   0.489756475687026960E+001  -0.123417945861816406E+003  -0.100000000000000002E+101  -0.493515351937698199E+001    1
   0.670748174190521240E+000   0.135771498680114746E+003   0.433391258716583216E+001  -0.120577453613281250E+003  -0.100000000000000002E+101  -0.494515351937698799E+001    1
   0.138230797052383414E+001   0.116678384542465210E+003   0.499345580339431727E+001  -0.119764671325683594E+003  -0.100000000000000002E+101  -0.495515351937699045E+001    1
   0.722751700878143444E+000   0.845400428771972656E+002   0.519616254568099922E+001  -0.117748397827148438E+003  -0.100000000000000002E+101  -0.496515351937698846E+001    1
   0.185707817077636728E+001   0.127898905277252197E+003   0.488499454259872401E+001  -0.113717529296875000E+003  -0.100000000000000002E+101  -0.497515351937698824E+001    1
   0.499122846126556441E+000   0.125323889255523682E+003   0.451783552169799751E+001  -0.113712127685546875E+003  -0.100000000000000002E+101  -0.498515351937698359E+001    1
   0.181023875474929818E+001   0.123863766193389893E+003   0.489075418710708565E+001  -0.112669265747070312E+003  -0.100000000000000002E+101  -0.499515351937698426E+001    1
   0.474163174629211426E+000   0.146830872297286987E+003   0.457852716445922781E+001  -0.112261940002441406E+003  -0.100000000000000002E+101  -0.500515351937698583E+001    1
   0.378939497470855757E+000   0.138098481893539429E+003   0.468540402650833077E+001  -0.111684486389160156E+003  -0.100000000000000002E+101  -0.501515351937698384E+001    1
   0.111343926191329956E+001   0.159907559156417847E+003   0.504304230213165283E+001  -0.110544509887695312E+003  -0.100000000000000002E+101  -0.502515351937698451E+001    1
   0.173424876928329463E+001   0.834471917152404785E+002   0.486970639228820801E+001  -0.109626441955566406E+003  -0.100000000000000002E+101  -0.503515351937698608E+001    1
   0.146377266645431514E+001   0.778756296634674072E+002   0.490262420177459646E+001  -0.101922920227050781E+003  -0.100000000000000002E+101  -0.504515351937698409E+001    1
   0.163380658626556396E+001   0.136787024736404419E+003   0.488517261743545461E+001  -0.101109786987304688E+003  -0.100000000000000002E+101  -0.505515351937698298E+001    1
   0.147580773830413814E+001   0.671836888790130615E+002   0.487263695001602137E+001  -0.982227325439453125E+002  -0.100000000000000002E+101  -0.506515351937698455E+001    1
   0.896179258823394775E+000   0.130247691869735718E+003   0.418641521930694527E+001  -0.980087280273437500E+002  -0.100000000000000002E+101  -0.507515351937697989E+001    1
   0.374234902858734175E+000   0.952672815322875977E+002   0.470106301307678187E+001  -0.919932403564453125E+002  -0.100000000000000002E+101  -0.508515351937698501E+001    1
   0.984752237796783447E+000   0.716947531700134277E+002   0.500684629678726179E+001  -0.914101486206054688E+002  -0.982227325439453125E+002  -0.509515351937699013E+001    1
   0.101291124820709233E+001   0.135349479913711548E+003   0.501014894247055054E+001  -0.894272537231445312E+002  -0.100000000000000002E+101  -0.510515351937699080E+001    1
   0.911451327800750777E+000   0.103599152565002441E+003   0.501165039539337087E+001  -0.833539581298828125E+002  -0.100000000000000002E+101  -0.511515351937698348E+001    1
   0.183056335449218754E+001   0.103816959857940674E+003   0.476764990091323781E+001  -0.828237457275390625E+002  -0.160312576293945312E+003  -0.512515351937698238E+001    1
   0.125359380245208740E+001   0.140999648571014404E+003   0.402404226064682025E+001  -0.826856307983398438E+002  -0.100000000000000002E+101  -0.513515351937698394E+001    1
   0.604732894897460960E+000   0.959592914581298828E+002   0.448067612648010183E+001  -0.823255081176757812E+002  -0.127540351867675781E+003  -0.514515351937697751E+001    1
   0.412062096595764205E+000   0.124556986093521118E+003   0.469609335660934413E+001  -0.823073883056640625E+002  -0.308903228759765625E+003  -0.515515351937698085E+001    1
   0.113445576429367079E+001   0.784507131576538086E+002   0.402838281393051112E+001  -0.804192123413085938E+002  -0.100000000000000002E+101  -0.516515351937698330E+001    1
   0.113756680488586426E+001   0.133954862356185913E+003   0.490792914628982491E+001  -0.777136383056640625E+002  -0.162495895385742188E+003  -0.517515351937698220E+001    1
   0.552435719966888450E+000   0.120566723346710205E+003   0.518931359052658081E+001  -0.763679580688476562E+002  -0.173136169433593750E+003  -0.518515351937698643E+001    1
   0.389846003055572488E+000   0.112941101789474487E+003   0.473149119615554792E+001  -0.756948471069335938E+002  -0.131144378662109375E+003  -0.519515351937698533E+001    1
   0.147739785909652710E+001   0.115715262889862061E+003   0.386182943582534755E+001  -0.756782226562500000E+002  -0.100000000000000002E+101  -0.520515351937697623E+001    1
   0.101461380720138550E+001   0.913389480113983154E+002   0.494284141063690186E+001  -0.756000595092773438E+002  -0.117748397827148438E+003  -0.521515351937698224E+001    1
   0.130837459564208980E+001   0.775579071044921875E+002   0.394162565469741821E+001  -0.751165313720703125E+002  -0.100000000000000002E+101  -0.522515351937697670E+001    1
   0.190607665777206425E+001   0.127331302165985107E+003   0.471938377618789673E+001  -0.730241546630859375E+002  -0.100000000000000002E+101  -0.523515351937698092E+001    1
   0.961324322223663374E+000   0.141011104583740234E+003   0.428517624139785713E+001  -0.719612884521484375E+002  -0.828237457275390625E+002  -0.524515351937698071E+001    1
   0.164921619892120352E+001   0.149825564622879028E+003   0.395816341638565028E+001  -0.708422164916992188E+002  -0.777136383056640625E+002  -0.525515351937698583E+001    1
   0.705751216411590665E+000   0.743283843994140625E+002   0.442299890518188477E+001  -0.704165115356445312E+002  -0.249887542724609375E+003  -0.526515351937698739E+001    1
   0.105441167354583754E+001   0.133381316661834717E+003   0.420399522781372070E+001  -0.702618560791015625E+002  -0.100000000000000002E+101  -0.527515351937698007E+001    1
   0.160582942962646480E+001   0.756320512294769287E+002   0.472861804962158150E+001  -0.680045166015625000E+002  -0.100000000000000002E+101  -0.528515351937697542E+001    1
   0.125195615291595463E+001   0.814899599552154541E+002   0.400900344848632795E+001  -0.678377532958984375E+002  -0.100000000000000002E+101  -0.529515351937697609E+001    1
   0.130544798374176030E+001   0.147796086072921753E+003   0.413489718437194842E+001  -0.677362747192382812E+002  -0.100000000000000002E+101  -0.530515351937697677E+001    1
   0.124606859683990479E+001   0.107112321853637695E+003   0.483079470396041799E+001  -0.665842971801757812E+002  -0.680045166015625000E+002  -0.531515351937698188E+001    1
   0.382241725921630859E+000   0.968710219860076904E+002   0.476299917697906494E+001  -0.660458755493164062E+002  -0.100000000000000002E+101  -0.532515351937698078E+001    1
   0.178620669841766366E+001   0.106081280708312988E+003   0.469386667013168335E+001  -0.640794296264648438E+002  -0.100000000000000002E+101  -0.533515351937697613E+001    1
   0.478165030479431152E+000   0.149834165573120117E+003   0.473264409303665090E+001  -0.628768844604492188E+002  -0.100000000000000002E+101  -0.534515351937697680E+001    1
   0.187628729343414302E+001   0.158910397291183472E+003   0.398436503410339338E+001  -0.628373222351074219E+002  -0.113712127685546875E+003  -0.535515351937698103E+001    1
   0.140098515748977670E+001   0.139040968418121338E+003   0.476260105371475184E+001  -0.623383216857910156E+002  -0.100000000000000002E+101  -0.536515351937698171E+001    1
   0.197460355758666983E+001   0.836486017704010010E+002   0.463273301124572701E+001  -0.609828414916992188E+002  -0.140991348266601562E+003  -0.537515351937698238E+001    1
   0.106931070089340219E+001   0.140530619621276855E+003   0.427267678976058907E+001  -0.608893241882324219E+002  -0.100000000000000002E+101  -0.538515351937698128E+001    1
   0.158986567258834843E+001   0.149101666212081909E+003   0.405461488962173444E+001  -0.605531578063964844E+002  -0.708422164916992188E+002  -0.539515351937698018E+001    1
   0.142536675930023193E+001   0.128922388553619385E+003   0.474651799201965297E+001  -0.598610839843750000E+002  -0.100000000000000002E+101  -0.540515351937698263E+001    1
   0.138919363021850595E+001   0.965795612335205078E+002   0.401687837839126605E+001  -0.597028541564941406E+002  -0.205187149047851562E+003  -0.541515351937698153E+001    1
   0.109580320119857788E+001   0.101113823652267456E+003   0.484167904853820730E+001  -0.592493743896484375E+002  -0.142233810424804688E+003  -0.542515351937697865E+001    1
   0.777595043182373047E+000   0.137917557954788208E+003   0.445819029808044398E+001  -0.590942687988281250E+002  -0.100000000000000002E+101  -0.543515351937697933E+001    1
   0.131365554332733159E+001   0.105072525739669800E+003   0.476609245538711512E+001  -0.585665245056152344E+002  -0.605531578063964844E+002  -0.544515351937698178E+001    1
   0.161757471561431876E+001   0.123444638252258301E+003   0.470276023149490285E+001  -0.583176879882812500E+002  -0.100000000000000002E+101  -0.545515351937698245E+001    1
   0.196597553491592403E+001   0.919235742092132568E+002   0.463377684354782104E+001  -0.574321746826171875E+002  -0.101109786987304688E+003  -0.546515351937698401E+001    1
   0.864509987831115767E+000   0.113373163938522339E+003   0.437327563762664795E+001  -0.573092575073242188E+002  -0.100000000000000002E+101  -0.547515351937698025E+001    1
   0.186006464958190909E+001   0.873620128631591797E+002   0.462724231481552106E+001  -0.561502304077148438E+002  -0.137263702392578125E+003  -0.548515351937698004E+001    1
   0.167127962112426753E+001   0.135150704383850098E+003   0.465921809673309273E+001  -0.556289863586425781E+002  -0.640794296264648438E+002  -0.549515351937697805E+001    1
   0.191088714599609366E+001   0.651876842975616455E+002   0.383520349264144889E+001  -0.549476966857910156E+002  -0.919932403564453125E+002  -0.550515351937697694E+001    1
   0.116754006147384648E+001   0.157711062431335449E+003   0.475654976367950422E+001  -0.548603744506835938E+002  -0.804192123413085938E+002  -0.551515351937698295E+001    1
   0.151875741481781001E+001   0.121582344770431519E+003   0.469876414537429810E+001  -0.542549591064453125E+002  -0.756948471069335938E+002  -0.552515351937698185E+001    1
   0.140575691461563101E+001   0.131712803840637207E+003   0.412911617755889893E+001  -0.542237243652343750E+002  -0.549476966857910156E+002  -0.553515351937698163E+001    1
   0.942363357543945401E+000   0.837117230892181396E+002   0.432678625583648646E+001  -0.537510223388671875E+002  -0.100000000000000002E+101  -0.554515351937698142E+001    1
   0.120747364759445186E+001   0.126289556026458740E+003   0.419395335912704414E+001  -0.532673988342285156E+002  -0.660458755493164062E+002  -0.555515351937698032E+001    1
   0.147891341447830205E+001   0.685423707962036133E+002   0.468055269718170130E+001  -0.530824584960937500E+002  -0.100000000000000002E+101  -0.556515351937698544E+001    1
   0.140999104976654044E+001   0.631835973262786865E+002   0.406529954671859706E+001  -0.525371856689453125E+002  -0.262006317138671875E+003  -0.557515351937698611E+001    1
   0.196030244827270517E+001   0.111909625530242920E+003   0.389068824052810669E+001  -0.521232795715332031E+002  -0.525371856689453125E+002  -0.558515351937698146E+001    1
   0.532599496841430708E+000   0.142195204496383667E+003   0.472130655050277692E+001  -0.507416572570800781E+002  -0.100000000000000002E+101  -0.559515351937697680E+001    1
   0.138331669569015503E+001   0.136557421684265137E+003   0.470603842735290456E+001  -0.507026367187500000E+002  -0.100000000000000002E+101  -0.560515351937697748E+001    1
   0.127189612388610840E+001   0.928398942947387695E+002   0.472802733182907087E+001  -0.503292694091796875E+002  -0.678377532958984375E+002  -0.561515351937697904E+001    1
   0.164606782197952262E+001   0.100166890621185303E+003   0.462812517881393415E+001  -0.500926628112792969E+002  -0.908817260742187500E+003  -0.562515351937698060E+001    1
   0.115015730857849130E+001   0.935921168327331543E+002   0.476895049810409510E+001  -0.500587081909179688E+002  -0.100000000000000002E+101  -0.563515351937698039E+001    1
   0.169444060325622559E+001   0.625424003601074219E+002   0.459107376337051321E+001  -0.492698326110839844E+002  -0.100000000000000002E+101  -0.564515351937698284E+001    1
   0.149565458297729492E+001   0.112778476476669312E+003   0.409876935482025129E+001  -0.488553581237792969E+002  -0.530824584960937500E+002  -0.565515351937698085E+001    1
   0.176056478023529062E+001   0.145065919160842896E+003   0.411018550395965576E+001  -0.487849807739257812E+002  -0.573092575073242188E+002  -0.566515351937697975E+001    1
   0.714422154426574751E+000   0.788674271106719971E+002   0.451053829193115163E+001  -0.484066200256347656E+002  -0.628768844604492188E+002  -0.567515351937697954E+001    1
   0.176984114646911617E+001   0.149777874946594238E+003   0.413773328065872192E+001  -0.481115112304687500E+002  -0.826856307983398438E+002  -0.568515351937697666E+001    1
   0.120703827142715459E+001   0.701114928722381592E+002   0.419027512073516828E+001  -0.479304237365722656E+002  -0.100000000000000002E+101  -0.569515351937697734E+001    1
   0.168852375745773320E+001   0.619890964031219482E+002   0.400521122217178327E+001  -0.474656448364257812E+002  -0.487849807739257812E+002  -0.570515351937697890E+001    1
   0.170998529195785531E+001   0.124074438810348511E+003   0.459898924827575684E+001  -0.472250518798828125E+002  -0.100000000000000002E+101  -0.571515351937697780E+001    1
   0.189086402654647823E+001   0.955679035186767578E+002   0.394153403043746930E+001  -0.463218154907226562E+002  -0.598610839843750000E+002  -0.572515351937697403E+001    1
   0.133001004457473759E+001   0.159831539392471313E+003   0.453781528472900320E+001  -0.456719932556152344E+002  -0.100000000000000002E+101  -0.573515351937697382E+001    1
   0.112793306112289438E+001   0.134450355768203735E+003   0.434061475992202705E+001  -0.455387878417968750E+002  -0.542549591064453125E+002  -0.574515351937697805E+001    1
   0.131930824518203726E+001   0.707873618602752686E+002   0.417201777696609444E+001  -0.455135536193847656E+002  -0.100000000000000002E+101  -0.575515351937698227E+001    1
   0.776903676986694380E+000   0.885633563995361328E+002   0.490938111543655342E+001  -0.454384193420410156E+002  -0.123417945861816406E+003  -0.576515351937698384E+001    1
   0.102549874782562256E+001   0.143575701713562012E+003   0.442643573284149117E+001  -0.453473358154296875E+002  -0.472250518798828125E+002  -0.577515351937697918E+001    1
   0.653952825069427535E+000   0.142125437259674072E+003   0.498097254037856985E+001  -0.450776176452636719E+002  -0.590942687988281250E+002  -0.578515351937698075E+001    1
   0.183084058761596680E+001   0.133125201463699341E+003   0.455482543706893850E+001  -0.448596801757812500E+002  -0.100000000000000002E+101  -0.579515351937698409E+001    1
   0.281019663810730014E+000   0.154631230831146240E+003   0.499372333288192749E+001  -0.446431465148925781E+002  -0.609828414916992188E+002  -0.580515351937698565E+001    1
   0.171635789871215816E+001   0.123723266124725342E+003   0.457943522930145264E+001  -0.445943908691406250E+002  -0.184460250854492188E+003  -0.581515351937698366E+001    1
   0.114210660457611080E+001   0.135475656986236572E+003   0.434046247005462593E+001  -0.444801673889160156E+002  -0.216125015258789062E+003  -0.582515351937698256E+001    1
   0.112230632305145273E+001   0.116689518690109253E+003   0.473535585403442383E+001  -0.444486732482910156E+002  -0.823255081176757812E+002  -0.583515351937698412E+001    1
   0.168154486417770377E+001   0.159533313512802124E+003   0.428857510089874250E+001  -0.443668060302734375E+002  -0.677362747192382812E+002  -0.584515351937698391E+001    1
   0.876435947418212846E+000   0.151588300466537476E+003   0.479935348033905029E+001  -0.431863250732421875E+002  -0.628373222351074219E+002  -0.585515351937697837E+001    1
   0.675031983852386497E+000   0.748221373558044434E+002   0.458284894227981532E+001  -0.430807723999023438E+002  -0.113717529296875000E+003  -0.586515351937697371E+001    1
   0.973374629020691051E+000   0.123940232992172241E+003   0.441753758192062307E+001  -0.430796470642089844E+002  -0.730241546630859375E+002  -0.587515351937697705E+001    1
   0.584947204589843839E+000   0.155794653892517090E+003   0.500463538169860822E+001  -0.428246879577636719E+002  -0.583176879882812500E+002  -0.588515351937697684E+001    1
   0.171718509197235103E+001   0.155618444681167603E+003   0.430624748468399066E+001  -0.427972412109375000E+002  -0.119764671325683594E+003  -0.589515351937697751E+001    1
   0.168580528497695914E+001   0.114471397399902344E+003   0.456931041479110700E+001  -0.426100387573242188E+002  -0.532673988342285156E+002  -0.590515351937697286E+001    1
   0.924267351627349854E+000   0.139130041599273682E+003   0.479624534845352102E+001  -0.421105613708496094E+002  -0.500587081909179688E+002  -0.591515351937697531E+001    1
   0.193682153224945064E+001   0.144398180246353149E+003   0.411679455041885323E+001  -0.419981536865234375E+002  -0.100000000000000002E+101  -0.592515351937697687E+001    1
   0.152697495222091684E+001   0.800804293155670166E+002   0.409398987293243355E+001  -0.419860267639160156E+002  -0.608893241882324219E+002  -0.593515351937697400E+001    1
   0.178341934680938730E+001   0.149276802539825439E+003   0.423687306642532313E+001  -0.415157508850097656E+002  -0.100000000000000002E+101  -0.594515351937698000E+001    1
   0.733716142177581743E+000   0.656764304637908936E+002   0.454808446168899483E+001  -0.414970664978027344E+002  -0.109626441955566406E+003  -0.595515351937698156E+001    1
   0.444482064247131325E+000   0.128384474515914917E+003   0.482352643013000471E+001  -0.413296012878417969E+002  -0.751165313720703125E+002  -0.596515351937697336E+001    1
   0.178065334558486943E+001   0.101648066043853760E+003   0.454547709226608276E+001  -0.410439453125000000E+002  -0.453473358154296875E+002  -0.597515351937696959E+001    1
   0.124984310865402226E+001   0.158485350608825684E+003   0.459748954772949148E+001  -0.409872207641601562E+002  -0.101922920227050781E+003  -0.598515351937697559E+001    1
   0.846042120456695690E+000   0.157856462001800537E+003   0.462636462450027430E+001  -0.407893943786621094E+002  -0.112261940002441406E+003  -0.599515351937697627E+001    1
   0.164220855236053476E+001   0.139036951065063477E+003   0.454253410100936872E+001  -0.405846939086914062E+002  -0.120577453613281250E+003  -0.600515351937697517E+001    1
   0.195910242795944223E+001   0.121171072721481323E+003   0.405758633613586372E+001  -0.401768608093261719E+002  -0.179336410522460938E+003  -0.601515351937697851E+001    1
   0.152058678865432739E+001   0.816669261455535889E+002   0.456597731113433802E+001  -0.401337890625000000E+002  -0.155083496093750000E+003  -0.602515351937697829E+001    1
   0.698793673515319846E+000   0.151410136222839355E+003   0.469579303264617920E+001  -0.399550399780273438E+002  -0.112669265747070312E+003  -0.603515351937697453E+001    1
   0.132743641138076773E+001   0.158116177320480347E+003   0.450173777341842651E+001  -0.395209121704101562E+002  -0.446431465148925781E+002  -0.604515351937697520E+001    1
   0.191741070747375497E+001   0.103627768754959106E+003   0.450223703384399343E+001  -0.393574333190917969E+002  -0.488553581237792969E+002  -0.605515351937697410E+001    1
   0.121281038522720341E+001   0.969634926319122314E+002   0.427746353149414027E+001  -0.392882919311523438E+002  -0.481115112304687500E+002  -0.606515351937697478E+001    1
   0.162708947658538827E+001   0.127235231399536133E+003   0.420309851169586146E+001  -0.389177551269531250E+002  -0.111684486389160156E+003  -0.607515351937697723E+001    1
   0.322063512000188790E+000   0.150736666882885402E+003   0.498092999522801527E+001  -0.389156990051269531E+002  -0.428246879577636719E+002  -0.608515351937697790E+001    1
   0.692235287319839077E+000   0.637224182208443608E+002   0.489169756330157313E+001  -0.388477897644042969E+002  -0.419860267639160156E+002  -0.609515351937697769E+001    1
   0.118506915569305415E+001   0.108973792791366577E+003   0.432352474927902186E+001  -0.385918350219726562E+002  -0.444486732482910156E+002  -0.610515351937697481E+001    1
   0.184453228704573546E+001   0.841624307207637230E+002   0.403826292312988144E+001  -0.383496284484863281E+002  -0.401337890625000000E+002  -0.611515351937697282E+001    1
   0.195879483222961426E+001   0.147638854980468750E+003   0.430118637084960920E+001  -0.380793151855468750E+002  -0.211155761718750000E+003  -0.612515351937697528E+001    1
   0.190226266384124765E+001   0.103802863359451294E+003   0.402293751239776576E+001  -0.380460090637207031E+002  -0.445943908691406250E+002  -0.613515351937697417E+001    1
   0.956874215602874889E+000   0.109903392791748047E+003   0.474657381772994924E+001  -0.379847984313964844E+002  -0.100000000000000002E+101  -0.614515351937697485E+001    1
   0.167449644804000863E+001   0.651618337631225586E+002   0.449821983575820905E+001  -0.377727203369140625E+002  -0.665842971801757812E+002  -0.615515351937697819E+001    1
   0.136456977128982548E+001   0.149292728900909424E+003   0.447862868309020978E+001  -0.377245407104492188E+002  -0.592493743896484375E+002  -0.616515351937697620E+001    1
   0.990342175960540860E+000   0.138185725212097168E+003   0.471404244899749703E+001  -0.377002716064453125E+002  -0.585665245056152344E+002  -0.617515351937697776E+001    1
   0.196035273119978770E+001   0.117920128578528605E+003   0.444127979442441578E+001  -0.375459785461425781E+002  -0.405846939086914062E+002  -0.618515351937698288E+001    1
   0.105754212516718527E+001   0.882932981833670993E+002   0.471850674697636752E+001  -0.375397567749023438E+002  -0.389177551269531250E+002  -0.619515351937698000E+001    1
   0.199660174846649174E+001   0.127606723308563232E+003   0.443381490707397408E+001  -0.372869186401367188E+002  -0.100000000000000002E+101  -0.620515351937697535E+001    1
   0.181339409389071138E+001   0.642785121838335556E+002   0.444885237993534499E+001  -0.372765922546386719E+002  -0.419981536865234375E+002  -0.621515351937697247E+001    1
   0.982978653907775834E+000   0.108585706949234009E+003   0.443079681396484304E+001  -0.370976905822753906E+002  -0.100000000000000002E+101  -0.622515351937697314E+001    1
   0.491712760925292980E+000   0.136958829164505005E+003   0.481665285825729317E+001  -0.369576110839843750E+002  -0.704165115356445312E+002  -0.623515351937697559E+001    1
   0.105422692298889165E+001   0.675180113315582275E+002   0.469505636692047101E+001  -0.367423896789550781E+002  -0.455387878417968750E+002  -0.624515351937698071E+001    1
   0.131616419217582714E+001   0.911920057775535184E+002   0.425736264373934858E+001  -0.367210655212402344E+002  -0.415157508850097656E+002  -0.625515351937697694E+001    1
   0.129333938402730753E+001   0.140508526686981781E+003   0.457825973688477639E+001  -0.366615638732910156E+002  -0.413296012878417969E+002  -0.626515351937697407E+001    1
   0.698692393302917436E+000   0.667281544208526611E+002   0.488688894510269112E+001  -0.365925521850585938E+002  -0.894272537231445312E+002  -0.627515351937697385E+001    1
   0.176468132734298710E+001   0.653929865360260010E+002   0.444746091365814156E+001  -0.365650634765625000E+002  -0.500926628112792969E+002  -0.628515351937697986E+001    1
   0.696490192413330100E+000   0.136588404178619385E+003   0.488558108806610036E+001  -0.364570426940917969E+002  -0.698431091308593750E+003  -0.629515351937697432E+001    1
   0.111066414117813106E+001   0.146430144309997559E+003   0.460146051645278931E+001  -0.363642044067382812E+002  -0.100000000000000002E+101  -0.630515351937697766E+001    1
   0.142598512369812314E+001   0.711822112636940432E+002   0.422039364778438841E+001  -0.363588523864746094E+002  -0.388477897644042969E+002  -0.631515351937697567E+001    1
   0.188053805828094478E+001   0.672668373584747314E+002   0.442374491691589355E+001  -0.362775650024414062E+002  -0.507416572570800781E+002  -0.632515351937697190E+001    1
   0.976278631598556101E+000   0.119107368127513382E+003   0.473616352029761956E+001  -0.362399368286132812E+002  -0.383496284484863281E+002  -0.633515351937697790E+001    1
   0.309190690517425537E+000   0.611675715446472168E+002   0.515691890716552681E+001  -0.362291564941406250E+002  -0.449143615722656250E+003  -0.634515351937697858E+001    1
   0.922906908779034474E+000   0.863282091204972346E+002   0.446321491305441498E+001  -0.362277297973632812E+002  -0.410439453125000000E+002  -0.635515351937697659E+001    1
   0.635589778423309326E+000   0.126073805093765259E+003   0.469759581089019740E+001  -0.362000045776367188E+002  -0.156286437988281250E+003  -0.636515351937697371E+001    1
   0.177925649866632418E+001   0.784499125412018401E+002   0.408043462671644708E+001  -0.361515235900878906E+002  -0.366615638732910156E+002  -0.637515351937697350E+001    1
   0.550413227081298917E+000   0.134483257532119751E+003   0.499666465520858694E+001  -0.360463027954101562E+002  -0.756000595092773438E+002  -0.638515351937697861E+001    1
   0.155917090177536011E+001   0.102327743768692017E+003   0.416090044975280726E+001  -0.358948974609375000E+002  -0.702618560791015625E+002  -0.639515351937698195E+001    1
   0.122269185781478873E+001   0.148403648138046265E+003   0.449864341020584035E+001  -0.358659667968750000E+002  -0.537510223388671875E+002  -0.640515351937697730E+001    1
   0.153806588649749765E+001   0.123158077001571655E+003   0.425205574035644496E+001  -0.358287086486816406E+002  -0.100000000000000002E+101  -0.641515351937697620E+001    1
   0.159416418780408842E+001   0.895751279399622575E+002   0.413450477198074307E+001  -0.357674217224121094E+002  -0.362399368286132812E+002  -0.642515351937697776E+001    1
   0.166812072992324834E+001   0.147299352884292603E+003   0.441207525730133021E+001  -0.356930122375488281E+002  -0.100000000000000002E+101  -0.643515351937697222E+001    1
   0.802505379317887124E+000   0.609751059956431334E+002   0.478389892166388364E+001  -0.356560630798339844E+002  -0.357674217224121094E+002  -0.644515351937697556E+001    1
   0.171541719436645512E+001   0.147006813287734985E+003   0.436070750951766950E+001  -0.355938720703125000E+002  -0.756782226562500000E+002  -0.645515351937697535E+001    1
   0.392599987983703658E+000   0.125311431884765625E+003   0.511463063955307007E+001  -0.353417739868164062E+002  -0.914101486206054688E+002  -0.646515351937697513E+001    1
   0.283176267147064231E+000   0.127638766765594482E+003   0.500567353963851858E+001  -0.353089294433593750E+002  -0.100000000000000002E+101  -0.647515351937697048E+001    1
   0.327571282834427768E+000   0.136941053516963450E+003   0.498023156329091599E+001  -0.352049064636230469E+002  -0.375397567749023438E+002  -0.648515351937697559E+001    1
   0.192554888848691519E+001   0.142087254105527052E+003   0.431776290298179077E+001  -0.351578712463378906E+002  -0.372765922546386719E+002  -0.649515351937697538E+001    1
   0.978112804889678999E+000   0.121674183607101440E+003   0.446160242557525599E+001  -0.350750694274902344E+002  -0.719612884521484375E+002  -0.650515351937697694E+001    1
   0.188464623689651489E+001   0.115848777294158936E+003   0.446023390293121302E+001  -0.349848022460937500E+002  -0.100000000000000002E+101  -0.651515351937697318E+001    1
   0.660444736480712891E+000   0.997027671337127686E+002   0.492490533590316737E+001  -0.349479141235351562E+002  -0.100000000000000002E+101  -0.652515351937697652E+001    1
   0.687443315982818604E+000   0.123696473836898804E+003   0.489894529581069893E+001  -0.347995567321777344E+002  -0.833539581298828125E+002  -0.653515351937697631E+001    1
   0.552599763870239347E+000   0.144433752298355103E+003   0.482131943702697718E+001  -0.347976417541503906E+002  -0.561502304077148438E+002  -0.654515351937697609E+001    1
   0.144039431810379037E+001   0.146136907339096069E+003   0.441307369470596278E+001  -0.347975273132324219E+002  -0.100000000000000002E+101  -0.655515351937696966E+001    1
   0.189601129036503302E+001   0.660299445552271749E+002   0.407294642373699745E+001  -0.346296310424804688E+002  -0.407893943786621094E+002  -0.656515351937697567E+001    1
   0.172925599813461295E+001   0.731144583225250244E+002   0.414593907594680733E+001  -0.344011306762695312E+002  -0.152568969726562500E+003  -0.657515351937698256E+001    1
   0.133648908734523886E+001   0.120544148509688569E+003   0.458374141979547822E+001  -0.343761024475097656E+002  -0.344011306762695312E+002  -0.658515351937698501E+001    1
   0.136512477397918697E+001   0.100966844558715820E+003   0.427948769330978340E+001  -0.343616104125976562E+002  -0.455135536193847656E+002  -0.659515351937696881E+001    1
   0.159467397937898370E+001   0.939518867130101398E+002   0.416300629467728900E+001  -0.343087768554687500E+002  -0.360463027954101562E+002  -0.660515351937696948E+001    1
   0.470132006530637747E+000   0.106256605484129295E+003   0.481704833437696056E+001  -0.342932128906250000E+002  -0.372869186401367188E+002  -0.661515351937697371E+001    1
   0.323828470706939708E+000   0.110619518756866455E+003   0.518345197439193672E+001  -0.342884788513183594E+002  -0.443668060302734375E+002  -0.662515351937697705E+001    1
   0.186692032820467402E+001   0.126286401681843159E+003   0.420202489118665135E+001  -0.342519874572753906E+002  -0.365650634765625000E+002  -0.663515351937697861E+001    1
   0.388318230687658139E+000   0.150916961324006081E+003   0.503002517824466366E+001  -0.342097244262695312E+002  -0.343761024475097656E+002  -0.664515351937698107E+001    1
   0.143269155025482187E+001   0.872774338722229004E+002   0.455522773265838588E+001  -0.339788284301757812E+002  -0.100000000000000002E+101  -0.665515351937697286E+001    1
   0.157871776438946876E+001   0.642283821996045674E+002   0.422390452823515172E+001  -0.339772300720214844E+002  -0.343616104125976562E+002  -0.666515351937697353E+001    1
   0.186435264348983765E+001   0.786523616313934326E+002   0.410988551378250122E+001  -0.339743652343750000E+002  -0.763679580688476562E+002  -0.667515351937697510E+001    1
   0.156146631641289724E+001   0.816960809485005512E+002   0.419456035262398785E+001  -0.339298973083496094E+002  -0.367423896789550781E+002  -0.668515351937697488E+001    1
   0.142912160407952293E+001   0.693233261476317182E+002   0.426000948086957365E+001  -0.339262886047363281E+002  -0.347995567321777344E+002  -0.669515351937697734E+001    1
   0.753052186965942338E+000   0.670030927658081055E+002   0.479175058603286708E+001  -0.336794624328613281E+002  -0.430796470642089844E+002  -0.670515351937697446E+001    1
   0.306544530391693160E+000   0.763450360298156738E+002   0.516567419767379743E+001  -0.336772804260253906E+002  -0.574321746826171875E+002  -0.671515351937697247E+001    1
   0.157914649248123173E+001   0.605088865756988525E+002   0.442465515136718679E+001  -0.334369430541992188E+002  -0.100000000000000002E+101  -0.672515351937697314E+001    1
   0.526278173923492520E+000   0.646847224235534668E+002   0.497174861431121773E+001  -0.333705596923828125E+002  -0.823073883056640625E+002  -0.673515351937697382E+001    1
   0.444555556774139382E+000   0.633777892589569092E+002   0.500548061132430977E+001  -0.333337135314941406E+002  -0.100000000000000002E+101  -0.674515351937697183E+001    1
   0.438457500934600841E+000   0.143947783708572388E+003   0.496317907571792549E+001  -0.333122100830078125E+002  -0.100000000000000002E+101  -0.675515351937697428E+001    1
   0.980780232350161540E+000   0.136336947469844603E+003   0.463119214742947172E+001  -0.329856986999511719E+002  -0.349479141235351562E+002  -0.676515351937697584E+001    1
   0.153392171034338798E+001   0.726600877075032940E+002   0.449485243658557643E+001  -0.329533424377441406E+002  -0.365925521850585938E+002  -0.677515351937697829E+001    1
   0.190866198539733878E+001   0.131443325281143188E+003   0.430539733171463013E+001  -0.329421119689941406E+002  -0.454384193420410156E+002  -0.678515351937697098E+001    1
   0.166321406142015693E+001   0.867140263019936413E+002   0.444214827555510272E+001  -0.328851242065429688E+002  -0.333705596923828125E+002  -0.679515351937697432E+001    1
   0.978830731931755516E+000   0.106015773913586031E+003   0.468595748359035369E+001  -0.328141860961914062E+002  -0.377002716064453125E+002  -0.680515351937697410E+001    1
   0.195331378709385528E+001   0.806532556467502673E+002   0.410308647388493242E+001  -0.327477302551269531E+002  -0.427972412109375000E+002  -0.681515351937697567E+001    1
   0.922901541728579966E+000   0.985189223081201533E+002   0.472187471459579733E+001  -0.326573600769042969E+002  -0.380793151855468750E+002  -0.682515351937697723E+001    1
   0.120808444023132333E+001   0.128970298767089844E+003   0.457926917076110840E+001  -0.326356506347656250E+002  -0.542237243652343750E+002  -0.683515351937697613E+001    1
   0.181452271909918128E+001   0.122650922439943656E+003   0.437895942212029254E+001  -0.326007270812988281E+002  -0.351578712463378906E+002  -0.684515351937697059E+001    1
   0.155341445207595830E+001   0.125952247381210327E+003   0.445856630802154541E+001  -0.325585823059082031E+002  -0.185569885253906250E+003  -0.685515351937697126E+001    1
   0.244182565585289557E+000   0.932672522115213951E+002   0.504500120316392309E+001  -0.325062866210937500E+002  -0.339262886047363281E+002  -0.686515351937697371E+001    1
   0.524615204334259122E+000   0.849700009822845459E+002   0.498947674036026001E+001  -0.324922790527343750E+002  -0.521232795715332031E+002  -0.687515351937697083E+001    1
   0.138509699099711092E+001   0.119162267699099061E+003   0.452956411412258486E+001  -0.324342155456542969E+002  -0.336772804260253906E+002  -0.688515351937697062E+001    1
   0.120318973064422607E+001   0.125122205018997192E+003   0.443599269390106166E+001  -0.323234672546386719E+002  -0.100000000000000002E+101  -0.689515351937697307E+001    1
   0.678359526791998957E+000   0.132005274399533050E+003   0.475544614150198441E+001  -0.323105163574218750E+002  -0.342097244262695312E+002  -0.690515351937697019E+001    1
   0.174245850620304998E+001   0.798032246727215693E+002   0.417959124625280154E+001  -0.322225494384765625E+002  -0.325062866210937500E+002  -0.691515351937697176E+001    1
   0.142502344072036768E+001   0.992172990204107919E+002   0.427252002417135390E+001  -0.321112442016601562E+002  -0.353089294433593750E+002  -0.692515351937697421E+001    1
   0.174010210125288300E+001   0.117757227460740111E+003   0.421412476371709577E+001  -0.320448303222656250E+002  -0.393574333190917969E+002  -0.693515351937697400E+001    1
   0.192884710758403366E+001   0.106303670785621279E+003   0.419140035743413453E+001  -0.319578742980957031E+002  -0.421105613708496094E+002  -0.694515351937697556E+001    1
   0.134820711612701416E+001   0.118302402496337891E+003   0.440938410758972132E+001  -0.318672676086425781E+002  -0.492698326110839844E+002  -0.695515351937697623E+001    1
   0.160396121869833674E+001   0.694020806600659910E+002   0.430583320269100334E+001  -0.317501087188720703E+002  -0.343087768554687500E+002  -0.696515351937697869E+001    1
   0.148542104049325130E+001   0.743754677066477541E+002   0.443706444899930474E+001  -0.316510219573974609E+002  -0.317501087188720703E+002  -0.697515351937697670E+001    1
   0.178626482675034959E+001   0.618692684001957929E+002   0.427879262119839510E+001  -0.316243152618408203E+002  -0.324342155456542969E+002  -0.698515351937697471E+001    1
   0.955542981624603271E+000   0.108754930496215820E+003   0.469811209440231270E+001  -0.315580463409423828E+002  -0.110544509887695312E+003  -0.699515351937697627E+001    1
   0.175779650304793278E+001   0.833746231023108777E+002   0.418181423868528057E+001  -0.315553226470947266E+002  -0.323105163574218750E+002  -0.700515351937697339E+001    1
   0.142090806961059579E+001   0.761455929279327393E+002   0.429575183391570992E+001  -0.315551891326904297E+002  -0.484066200256347656E+002  -0.701515351937697229E+001    1
   0.419741797447204634E+000   0.750825738906860352E+002   0.488744144439697248E+001  -0.314963912963867188E+002  -0.623383216857910156E+002  -0.702515351937697385E+001    1
   0.121395891996185989E+001   0.733723110882559553E+002   0.455580237512639741E+001  -0.314887599945068359E+002  -0.325585823059082031E+002  -0.703515351937696920E+001    1
   0.796066665649414196E+000   0.811008846759796143E+002   0.462236586809158290E+001  -0.314566535949707031E+002  -0.100000000000000002E+101  -0.704515351937696899E+001    1
   0.152029826226070952E+001   0.820456474778402480E+002   0.424998881430014830E+001  -0.314530239105224609E+002  -0.315553226470947266E+002  -0.705515351937697233E+001    1
   0.137722155591303208E+001   0.781271963306795385E+002   0.431450581926453935E+001  -0.314118118286132812E+002  -0.314963912963867188E+002  -0.706515351937697300E+001    1
   0.151541774272918706E+001   0.119777134656906128E+003   0.438475362062454188E+001  -0.312990875244140625E+002  -0.100000000000000002E+101  -0.707515351937697190E+001    1
   0.986434747305133586E+000   0.120497201858118743E+003   0.466615704782138074E+001  -0.312987480163574219E+002  -0.392882919311523438E+002  -0.708515351937697524E+001    1
   0.179397244453430171E+001   0.102577093839645386E+003   0.435025833845138532E+001  -0.312969188690185547E+002  -0.479304237365722656E+002  -0.709515351937697947E+001    1
   0.119252720479902585E+001   0.798970010923709424E+002   0.438639565452258573E+001  -0.312801055908203125E+002  -0.375459785461425781E+002  -0.710515351937697481E+001    1
   0.183072701232448831E+001   0.129818352912896387E+003   0.436540940337621652E+001  -0.311767044067382812E+002  -0.356560630798339844E+002  -0.711515351937697194E+001    1
   0.134992533556071570E+001   0.684082359284766568E+002   0.448822851178369575E+001  -0.311507015228271484E+002  -0.349848022460937500E+002  -0.712515351937697261E+001    1
   0.831570959091186612E+000   0.854601240158081055E+002   0.474727718830108625E+001  -0.311384239196777344E+002  -0.450776176452636719E+002  -0.713515351937696796E+001    1
   0.133201579366641765E+001   0.732743128214408159E+002   0.430853596721298793E+001  -0.311067161560058594E+002  -0.367210655212402344E+002  -0.714515351937696508E+001    1
   0.157002884986211222E+001   0.112295640969472871E+003   0.429726299905108799E+001  -0.310985183715820312E+002  -0.379847984313964844E+002  -0.715515351937696753E+001    1
   0.136934803491527024E+001   0.116037518916938922E+003   0.446592839739273728E+001  -0.310904769897460938E+002  -0.329533424377441406E+002  -0.716515351937696821E+001    1
   0.166055487560109993E+001   0.898131510135098665E+002   0.424462507569799818E+001  -0.310626602172851562E+002  -0.323234672546386719E+002  -0.717515351937696444E+001    1
   0.149420350790023804E+001   0.104398248195648193E+003   0.442763535976409894E+001  -0.310421619415283203E+002  -0.548603744506835938E+002  -0.718515351937696511E+001    1
   0.581044961864635834E+000   0.825499789735935394E+002   0.475431546593451149E+001  -0.310387954711914062E+002  -0.342932128906250000E+002  -0.719515351937696845E+001    1
   0.124095266982401342E+001   0.690388726258642293E+002   0.452575265884588340E+001  -0.310027618408203125E+002  -0.326573600769042969E+002  -0.720515351937697446E+001    1
   0.148281973247107746E+001   0.659167777963950812E+002   0.436661597429630088E+001  -0.309315414428710938E+002  -0.314887599945068359E+002  -0.721515351937697869E+001    1
   0.690189096232326604E+000   0.134605594632553647E+003   0.484187765122044667E+001  -0.308996696472167969E+002  -0.342884788513183594E+002  -0.722515351937697670E+001    1
   0.809113037586212114E+000   0.122463086843490601E+003   0.463282513618469238E+001  -0.308625736236572266E+002  -0.503292694091796875E+002  -0.723515351937696849E+001    1
   0.997863010646728332E+000   0.115328569446657127E+003   0.454850248710728877E+001  -0.307970123291015625E+002  -0.361515235900878906E+002  -0.724515351937696384E+001    1
   0.114024709639551425E+001   0.701246286908070005E+002   0.454445834799287773E+001  -0.307806968688964844E+002  -0.346296310424804688E+002  -0.725515351937697073E+001    1
   0.442809456297509119E+000   0.141142246085968139E+003   0.495468774040923421E+001  -0.307752914428710938E+002  -0.347975273132324219E+002  -0.726515351937697051E+001    1
   0.108625923360280363E+001   0.116757049359844515E+003   0.458931491579933404E+001  -0.307549057006835938E+002  -0.314118118286132812E+002  -0.727515351937696853E+001    1
   0.582642790030208579E+000   0.134857808611250903E+003   0.492629860773111350E+001  -0.307478160858154297E+002  -0.426100387573242188E+002  -0.728515351937696742E+001    1
   0.102737138216298574E+001   0.121697110535268720E+003   0.462095491296696181E+001  -0.307020492553710938E+002  -0.308625736236572266E+002  -0.729515351937696988E+001    1
   0.633736628097321786E+000   0.893265297312473336E+002   0.488636578847147618E+001  -0.306868743896484375E+002  -0.414970664978027344E+002  -0.730515351937697766E+001    1
   0.418846076079121277E+000   0.115965586044426857E+003   0.505004596054421917E+001  -0.306762142181396484E+002  -0.327477302551269531E+002  -0.731515351937697655E+001    1
   0.146535184383392325E+001   0.743937349319458008E+002   0.433421816825866646E+001  -0.306294784545898438E+002  -0.100000000000000002E+101  -0.732515351937697723E+001    1
   0.157437986684684894E+001   0.107074238668130079E+003   0.432029904582625157E+001  -0.306014118194580078E+002  -0.339788284301757812E+002  -0.733515351937697524E+001    1
   0.107005479269103154E+001   0.769835886665026550E+002   0.463016392962486201E+001  -0.305967178344726562E+002  -0.385918350219726562E+002  -0.734515351937696614E+001    1
   0.144172851876652586E+001   0.715341913693818583E+002   0.442379937417401425E+001  -0.305936717987060547E+002  -0.307020492553710938E+002  -0.735515351937696948E+001    1
   0.147525647825549178E+001   0.755859696254896392E+002   0.430322117789694936E+001  -0.305817451477050781E+002  -0.314566535949707031E+002  -0.736515351937697105E+001    1
   0.197455831990261932E+001   0.108648121277397507E+003   0.425630907302180805E+001  -0.305687961578369141E+002  -0.326356506347656250E+002  -0.737515351937696906E+001    1
   0.267858283832614452E+000   0.776581412735605028E+002   0.510607736629317266E+001  -0.305560588836669922E+002  -0.306294784545898438E+002  -0.738515351937697240E+001    1
   0.804991902399059933E+000   0.114049237591344365E+003   0.476584909278108793E+001  -0.305543460845947266E+002  -0.363642044067382812E+002  -0.739515351937697218E+001    1
   0.105296349525451660E+001   0.110237822532653809E+003   0.455929641723632795E+001  -0.305412731170654297E+002  -0.130340850830078125E+003  -0.740515351937697464E+001    1
   0.155304541957087650E+001   0.777370838257906200E+002   0.445095477902956738E+001  -0.305407562255859375E+002  -0.314530239105224609E+002  -0.741515351937697265E+001    1
   0.111311802143189431E+001   0.832704460946524563E+002   0.443995124739553315E+001  -0.305083351135253906E+002  -0.310027618408203125E+002  -0.742515351937696799E+001    1
   0.678454960083317848E+000   0.903612952769702815E+002   0.470719587806653106E+001  -0.304474830627441406E+002  -0.362000045776367188E+002  -0.743515351937697044E+001    1
   0.847317287396042174E+000   0.120958656443967186E+003   0.465630345114011845E+001  -0.304266662597656250E+002  -0.315551891326904297E+002  -0.744515351937697023E+001    1
   0.965578446212788988E+000   0.845076195297755675E+002   0.453963946317351308E+001  -0.304167327880859375E+002  -0.305817451477050781E+002  -0.745515351937696646E+001    1
   0.194258397219166512E+001   0.763673887376689606E+002   0.424005969428879137E+001  -0.304151554107666016E+002  -0.334369430541992188E+002  -0.746515351937696536E+001    1
   0.111665040932578030E+001   0.706543303924533745E+002   0.453833947017610662E+001  -0.303855915069580078E+002  -0.311384239196777344E+002  -0.747515351937696515E+001    1
   0.181099308560739525E+001   0.990058165126928458E+002   0.418510487372485240E+001  -0.303792743682861328E+002  -0.342519874572753906E+002  -0.748515351937696671E+001    1
   0.123511047988464373E+001   0.116673954732335815E+003   0.441670238110820534E+001  -0.303256225585937500E+002  -0.364570426940917969E+002  -0.749515351937696561E+001    1
   0.149106231927871713E+001   0.759796476364135742E+002   0.436668319702148366E+001  -0.303195114135742188E+002  -0.463218154907226562E+002  -0.750515351937696362E+001    1
   0.169661742145909211E+001   0.909930290494667702E+002   0.439557666128028934E+001  -0.302337055206298828E+002  -0.320448303222656250E+002  -0.751515351937696874E+001    1
   0.102163069469337175E+001   0.104850197435465077E+003   0.464415545068266944E+001  -0.302221088409423828E+002  -0.307806968688964844E+002  -0.752515351937696853E+001    1
   0.139870307757305756E+001   0.668860235361159994E+002   0.442837483904736473E+001  -0.302086315155029297E+002  -0.395209121704101562E+002  -0.753515351937696742E+001    1
   0.102779727632149243E+001   0.728771724165070793E+002   0.454785167773439802E+001  -0.301119918823242188E+002  -0.353417739868164062E+002  -0.754515351937696721E+001    1
   0.153204742409339012E+001   0.110533013835822018E+003   0.436610072467404198E+001  -0.301068935394287109E+002  -0.306014118194580078E+002  -0.755515351937696877E+001    1
   0.149034595489501953E+001   0.820612466335296631E+002   0.431290901899337786E+001  -0.301042442321777344E+002  -0.556289863586425781E+002  -0.756515351937697211E+001    1
   0.350024793399068224E+000   0.819121580461255832E+002   0.510215878598626738E+001  -0.300638504028320312E+002  -0.358948974609375000E+002  -0.757515351937696835E+001    1
   0.416195937383827652E+000   0.807686392950805754E+002   0.504523790722888421E+001  -0.300450096130371094E+002  -0.358659667968750000E+002  -0.758515351937696991E+001    1
   0.163220457743433367E+001   0.688147972659103573E+002   0.437347403720709949E+001  -0.300099887847900391E+002  -0.347976417541503906E+002  -0.759515351937697325E+001    1
   0.134443831288381732E+001   0.715278273674991283E+002   0.443767807502684875E+001  -0.300090599060058594E+002  -0.306868743896484375E+002  -0.760515351937697126E+001    1
   0.159109036922454838E+001   0.123237059116363525E+003   0.440425264835357666E+001  -0.299681797027587891E+002  -0.474656448364257812E+002  -0.761515351937696572E+001    1
   0.611659811433329148E+000   0.125182442963470194E+003   0.482535126716263107E+001  -0.299557056427001953E+002  -0.302086315155029297E+002  -0.762515351937696639E+001    1
   0.421738549247453132E+000   0.103939665066295561E+003   0.504236537502276860E+001  -0.299393672943115234E+002  -0.305967178344726562E+002  -0.763515351937696973E+001    1
   0.193841511032040015E+001   0.710296891866149593E+002   0.421298480537949072E+001  -0.298890552520751953E+002  -0.311767044067382812E+002  -0.764515351937696952E+001    1
   0.822867143004819113E+000   0.106394085040288900E+003   0.472350675157904654E+001  -0.298269157409667969E+002  -0.312987480163574219E+002  -0.765515351937697019E+001    1
   0.899527348075660926E+000   0.108620345878709685E+003   0.459885558094625146E+001  -0.298200778961181641E+002  -0.399550399780273438E+002  -0.766515351937697087E+001    1
   0.856790676001500051E+000   0.111039614287459699E+003   0.462918397431945561E+001  -0.298094539642333984E+002  -0.319578742980957031E+002  -0.767515351937697066E+001    1
   0.135476950576308419E+001   0.100474007015170869E+003   0.435517792830600126E+001  -0.298017902374267578E+002  -0.329421119689941406E+002  -0.768515351937697044E+001    1
   0.940559637406742199E+000   0.948296135815811283E+002   0.464445321059716854E+001  -0.297937259674072266E+002  -0.311507015228271484E+002  -0.769515351937697201E+001    1
   0.771065959211034713E+000   0.127024506961812705E+003   0.475278909396216864E+001  -0.297622928619384766E+002  -0.339772300720214844E+002  -0.770515351937697446E+001    1
   0.167331659793853760E+001   0.668502664566040039E+002   0.435247292518615669E+001  -0.297620716094970703E+002  -0.100000000000000002E+101  -0.771515351937697069E+001    1
   0.126170319318771362E+001   0.798613822460174561E+002   0.438921250104904104E+001  -0.297169189453125000E+002  -0.136136032104492188E+003  -0.772515351937696959E+001    1
   0.111292939891274556E+001   0.601092177911337657E+002   0.453707637531104702E+001  -0.296997528076171875E+002  -0.312801055908203125E+002  -0.773515351937697382E+001    1
   0.421627497673034646E+000   0.761706447601318359E+002   0.499795941114425624E+001  -0.296941356658935547E+002  -0.444801673889160156E+002  -0.774515351937697538E+001    1
   0.111372133028908538E+001   0.102546362630460521E+003   0.448428647251954615E+001  -0.296850605010986328E+002  -0.305560588836669922E+002  -0.775515351937697517E+001    1
   0.965194675631436683E+000   0.119892437245507068E+003   0.457626014797269054E+001  -0.296479454040527344E+002  -0.299681797027587891E+002  -0.776515351937697407E+001    1
   0.152939177060140641E+001   0.992885416259507849E+002   0.431911688494310120E+001  -0.296459293365478516E+002  -0.307549057006835938E+002  -0.777515351937697297E+001    1
   0.114372640404425274E+001   0.686088709795331795E+002   0.447268061818897067E+001  -0.296382732391357422E+002  -0.305687961578369141E+002  -0.778515351937696565E+001    1
   0.561153705039999506E+000   0.604287954307327553E+002   0.488803685096727847E+001  -0.296332263946533203E+002  -0.307970123291015625E+002  -0.779515351937696011E+001    1
   0.137703784126157358E+001   0.120308153135684876E+003   0.445195691982996777E+001  -0.296264019012451172E+002  -0.310985183715820312E+002  -0.780515351937696522E+001    1
   0.184293181394136885E+001   0.937833271512445492E+002   0.426196446905005111E+001  -0.295842151641845703E+002  -0.336794624328613281E+002  -0.781515351937697123E+001    1
   0.804685902095025662E+000   0.805239076397787130E+002   0.470220964026312416E+001  -0.295839900970458984E+002  -0.299393672943115234E+002  -0.782515351937697279E+001    1
   0.976642920913906920E+000   0.118878088535087713E+003   0.459805190743535519E+001  -0.295799713134765625E+002  -0.300450096130371094E+002  -0.783515351937697524E+001    1
   0.723588567287993589E+000   0.655065281113845685E+002   0.467778040131818518E+001  -0.295670604705810547E+002  -0.303195114135742188E+002  -0.784515351937695993E+001    1
   0.127240514001227689E+001   0.117648056305654109E+003   0.447076288729000293E+001  -0.295537281036376953E+002  -0.305936717987060547E+002  -0.785515351937696593E+001    1
   0.171476768372145472E+001   0.902430212733221566E+002   0.425200595356478850E+001  -0.295115318298339844E+002  -0.328141860961914062E+002  -0.786515351937697016E+001    1
   0.751829166291088091E+000   0.126600937494114021E+003   0.476237795108385242E+001  -0.295004520416259766E+002  -0.301119918823242188E+002  -0.787515351937697172E+001    1
   0.860937714576721191E+000   0.705621218681335449E+002   0.463584172725677490E+001  -0.294974842071533203E+002  -0.597028541564941406E+002  -0.788515351937697417E+001    1
   0.161864558662456126E+001   0.863727055464914457E+002   0.427729082657922088E+001  -0.294819240570068359E+002  -0.324922790527343750E+002  -0.789515351937696952E+001    1
   0.876008202047543927E+000   0.972964588788941569E+002   0.458090381196215990E+001  -0.294626388549804688E+002  -0.311067161560058594E+002  -0.790515351937697019E+001    1
   0.154455130814227926E+001   0.925805780916524981E+002   0.436555061508787645E+001  -0.294507923126220703E+002  -0.297937259674072266E+002  -0.791515351937696643E+001    1
   0.872708971316169979E+000   0.107135524387192746E+003   0.460582549119009155E+001  -0.294499607086181641E+002  -0.300090599060058594E+002  -0.792515351937696444E+001    1
   0.185715715075911247E+001   0.800454597574265563E+002   0.429913313919013085E+001  -0.294170417785644531E+002  -0.309315414428710938E+002  -0.793515351937696778E+001    1
   0.104223251342773438E+001   0.987866854667663574E+002   0.457951700687408447E+001  -0.294058399200439453E+002  -0.100000000000000002E+101  -0.794515351937696490E+001    1
   0.148140684665753586E+001   0.926428559731054975E+002   0.438951789030905104E+001  -0.294039726257324219E+002  -0.296479454040527344E+002  -0.795515351937696735E+001    1
   0.162744317850296238E+001   0.105747854214025608E+003   0.427109886261046068E+001  -0.293920536041259766E+002  -0.339743652343750000E+002  -0.796515351937696447E+001    1
   0.779197958605676089E+000   0.116181399230281315E+003   0.469160655385816039E+001  -0.293408145904541016E+002  -0.305083351135253906E+002  -0.797515351937695893E+001    1
   0.129629187447179395E+001   0.903102890826452551E+002   0.444184927340033209E+001  -0.293323459625244141E+002  -0.370976905822753906E+002  -0.798515351937696582E+001    1
   0.127094153246159713E+001   0.104482689731307431E+003   0.446870998276662945E+001  -0.293289871215820312E+002  -0.301042442321777344E+002  -0.799515351937696650E+001    1
   0.173381296958065256E+001   0.935565482346625288E+002   0.434375543429742805E+001  -0.293227653503417969E+002  -0.295115318298339844E+002  -0.800515351937696096E+001    1
   0.415041568699091201E+000   0.129078131987603967E+003   0.504552869165151563E+001  -0.293124675750732422E+002  -0.302337055206298828E+002  -0.801515351937696785E+001    1
   0.108334625971327103E+001   0.658280460596395471E+002   0.454629945423644077E+001  -0.293020877838134766E+002  -0.297622928619384766E+002  -0.802515351937697652E+001    1
   0.970804919433578384E+000   0.930558246709465209E+002   0.455697510821114626E+001  -0.292898635864257812E+002  -0.358287086486816406E+002  -0.803515351937696920E+001    1
   0.197236316204071049E+001   0.829017913341522217E+002   0.426208642721176112E+001  -0.292538070678710938E+002  -0.430807723999023438E+002  -0.804515351937696543E+001    1
   0.988868463039398238E+000   0.113892010450363159E+003   0.452616089582443237E+001  -0.292374820709228516E+002  -0.456719932556152344E+002  -0.805515351937697233E+001    1
   0.898519893182900597E+000   0.839026653256446622E+002   0.462952181157606812E+001  -0.291549739837646484E+002  -0.312969188690185547E+002  -0.806515351937697034E+001    1
   0.481634749502884818E+000   0.103325426460834791E+003   0.498674077401601945E+001  -0.291516132354736328E+002  -0.310421619415283203E+002  -0.807515351937696657E+001    1
   0.142673827149831567E+001   0.102951221061340092E+003   0.436673226891731403E+001  -0.291437225341796875E+002  -0.294170417785644531E+002  -0.808515351937696636E+001    1
   0.129864377269934939E+001   0.114322523617434513E+003   0.448382792729874780E+001  -0.291321411132812500E+002  -0.377245407104492188E+002  -0.809515351937696259E+001    1
   0.193861732482910165E+001   0.778746998310089111E+002   0.419533239603042585E+001  -0.291231422424316406E+002  -0.125172805786132812E+003  -0.810515351937696593E+001    1
   0.811164605617523238E+000   0.103806737661361694E+003   0.471830856800079346E+001  -0.291039047241210938E+002  -0.448596801757812500E+002  -0.811515351937696572E+001    1
   0.190368548502769785E+001   0.817867323118089047E+002   0.428516190564523303E+001  -0.291028347015380859E+002  -0.294058399200439453E+002  -0.812515351937696728E+001    1
   0.167083111464057255E+001   0.109828805005291855E+003   0.425250594709409402E+001  -0.290957088470458984E+002  -0.316243152618408203E+002  -0.813515351937696707E+001    1
   0.173112724230333503E+001   0.108526299332123202E+003   0.428206403109588685E+001  -0.290793399810791016E+002  -0.318672676086425781E+002  -0.814515351937696508E+001    1
   0.722467790599491400E+000   0.715204505797323975E+002   0.473745915635076464E+001  -0.290650711059570312E+002  -0.295842151641845703E+002  -0.815515351937696664E+001    1
   0.175558551770511784E+001   0.889993199603318033E+002   0.429375732767699780E+001  -0.290637073516845703E+002  -0.299557056427001953E+002  -0.816515351937696643E+001    1
   0.180008517364708087E+001   0.831551409679036340E+002   0.423017150721974744E+001  -0.290513248443603516E+002  -0.303256225585937500E+002  -0.817515351937696622E+001    1
   0.188375928335078369E+001   0.818466451777457280E+002   0.421967086370883138E+001  -0.290341587066650391E+002  -0.293323459625244141E+002  -0.818515351937696600E+001    1
   0.129838186502456665E+001   0.874189352989196777E+002   0.441082839965820295E+001  -0.290271301269531250E+002  -0.100000000000000002E+101  -0.819515351937696224E+001    1
   0.314818781524615843E+000   0.869683900031040196E+002   0.509092881599577129E+001  -0.289652214050292969E+002  -0.294507923126220703E+002  -0.820515351937696558E+001    1
   0.346682959986752970E+000   0.134914727621496922E+003   0.502128946534009568E+001  -0.289343910217285156E+002  -0.355938720703125000E+002  -0.821515351937696714E+001    1
   0.178274345795514022E+001   0.978504146986021794E+002   0.429049711004053069E+001  -0.289285259246826172E+002  -0.306762142181396484E+002  -0.822515351937696693E+001    1
   0.194790957634481599E+001   0.873400247651753432E+002   0.420978248117056797E+001  -0.289141750335693359E+002  -0.339298973083496094E+002  -0.823515351937696671E+001    1
   0.115941942258711950E+001   0.875364125516240392E+002   0.445506900796784144E+001  -0.288673114776611328E+002  -0.307752914428710938E+002  -0.824515351937696295E+001    1
   0.798112445416677030E+000   0.786549572752397665E+002   0.469797675505374279E+001  -0.288672599792480469E+002  -0.328851242065429688E+002  -0.825515351937696096E+001    1
   0.159059201478958134E+001   0.112663648128509521E+003   0.435725507736206019E+001  -0.288619041442871094E+002  -0.431863250732421875E+002  -0.826515351937696252E+001    1
   0.191679173938877945E+001   0.953714038061068692E+002   0.420408020090985257E+001  -0.288574352264404297E+002  -0.297620716094970703E+002  -0.827515351937696408E+001    1
   0.729905652442621511E+000   0.108880177533364332E+003   0.477491489598553809E+001  -0.287708854675292969E+002  -0.291549739837646484E+002  -0.828515351937696565E+001    1
   0.448173250774397625E+000   0.803958570497029683E+002   0.497636905329478019E+001  -0.287364826202392578E+002  -0.322225494384765625E+002  -0.829515351937696543E+001    1
   0.757636941732701130E+000   0.810767255563729918E+002   0.474828723469516412E+001  -0.287347106933593750E+002  -0.302221088409423828E+002  -0.830515351937696344E+001    1
   0.100426284074783334E+001   0.108362976312637329E+003   0.451606512069702148E+001  -0.287049160003662109E+002  -0.100000000000000002E+101  -0.831515351937696146E+001    1
   0.631208513479221356E+000   0.122368210575084959E+003   0.485147777662555946E+001  -0.286989955902099609E+002  -0.292898635864257812E+002  -0.832515351937696302E+001    1
   0.105894008009536589E+001   0.108083137672360309E+003   0.451825977694723413E+001  -0.286879405975341797E+002  -0.290271301269531250E+002  -0.833515351937696813E+001    1
   0.145721980925172212E+001   0.943067890045200130E+002   0.439775521452466389E+001  -0.286854057312011719E+002  -0.333122100830078125E+002  -0.834515351937696437E+001    1
   0.119413056297979936E+001   0.926767400861863706E+002   0.453591392866525212E+001  -0.286760253906250000E+002  -0.362775650024414062E+002  -0.835515351937696593E+001    1
   0.176146219355082079E+001   0.872206970044618117E+002   0.426563808310379233E+001  -0.286699161529541016E+002  -0.291231422424316406E+002  -0.836515351937696927E+001    1
   0.179499741743236374E+001   0.797714931466568515E+002   0.423416818950644380E+001  -0.286631870269775391E+002  -0.286699161529541016E+002  -0.837515351937696906E+001    1
   0.692715632783016177E+000   0.900241063076995687E+002   0.480218815255102527E+001  -0.286619033813476562E+002  -0.350750694274902344E+002  -0.838515351937696174E+001    1
   0.983651574462424794E+000   0.896980324114285139E+002   0.458210836163114354E+001  -0.286556301116943359E+002  -0.293920536041259766E+002  -0.839515351937695975E+001    1
   0.157994172826998880E+001   0.938962465407772129E+002   0.435141594528456288E+001  -0.286432285308837891E+002  -0.315580463409423828E+002  -0.840515351937696487E+001    1
   0.156454230610062361E+001   0.967846193649001520E+002   0.441015497461679473E+001  -0.286422634124755859E+002  -0.307478160858154297E+002  -0.841515351937696821E+001    1
   0.113823904464481651E+001   0.801359679571840360E+002   0.453936257949052369E+001  -0.286381206512451172E+002  -0.310387954711914062E+002  -0.842515351937696266E+001    1
   0.157482879336373838E+001   0.924851431519775815E+002   0.437953815094428833E+001  -0.286084575653076172E+002  -0.294039726257324219E+002  -0.843515351937695534E+001    1
   0.154790741479970517E+001   0.106510581622369500E+003   0.440268469728373724E+001  -0.285735073089599609E+002  -0.312990875244140625E+002  -0.844515351937695691E+001    1
   0.385724323178593398E+000   0.127294911278470238E+003   0.498743200078053039E+001  -0.285560455322265625E+002  -0.286989955902099609E+002  -0.845515351937696202E+001    1
   0.143052560730175293E+001   0.996542754410918121E+002   0.439698998488337534E+001  -0.285488910675048828E+002  -0.286879405975341797E+002  -0.846515351937696536E+001    1
   0.650563465294319743E+000   0.753320908960228905E+002   0.482738451480889541E+001  -0.285045242309570312E+002  -0.289343910217285156E+002  -0.847515351937696160E+001    1
   0.185231423493264558E+001   0.936103450229361300E+002   0.431497396040528081E+001  -0.284789085388183594E+002  -0.293408145904541016E+002  -0.848515351937696316E+001    1
   0.303665513208018878E+000   0.119024221349096393E+003   0.514493238447745860E+001  -0.284750556945800781E+002  -0.288673114776611328E+002  -0.849515351937696295E+001    1
   0.975392204537062213E+000   0.111907643811522817E+003   0.456653049728138427E+001  -0.284654254913330078E+002  -0.298017902374267578E+002  -0.850515351937696629E+001    1
   0.192224170070356637E+001   0.102889845724647799E+003   0.419311919149442325E+001  -0.284648361206054688E+002  -0.293289871215820312E+002  -0.851515351937696785E+001    1
   0.746267665554729787E+000   0.106649852547850543E+003   0.478819569254890265E+001  -0.284498844146728516E+002  -0.295670604705810547E+002  -0.852515351937696408E+001    1
   0.126246707448235762E+001   0.860126587898244281E+002   0.451675761599699221E+001  -0.284277400970458984E+002  -0.301068935394287109E+002  -0.853515351937696032E+001    1
   0.741499759421500038E+000   0.915295782054742659E+002   0.472532358058696822E+001  -0.284158191680908203E+002  -0.291516132354736328E+002  -0.854515351937695655E+001    1
   0.406817340668842675E+000   0.104345866128681109E+003   0.504257737206953571E+001  -0.284114818572998047E+002  -0.300638504028320312E+002  -0.855515351937696344E+001    1
   0.404244607233262165E+000   0.876065316016195084E+002   0.498338049792265547E+001  -0.284099769592285156E+002  -0.295799713134765625E+002  -0.856515351937696323E+001    1
   0.120743630877600339E+001   0.118264920954515361E+003   0.447205832311471507E+001  -0.284054985046386719E+002  -0.298200778961181641E+002  -0.857515351937696124E+001    1
   0.636380027310649465E+000   0.136092445607902448E+003   0.482668034935785251E+001  -0.284053230285644531E+002  -0.304266662597656250E+002  -0.858515351937696103E+001    1
   0.374567409442687849E+000   0.100291236842561716E+003   0.500605676618738649E+001  -0.283957118988037109E+002  -0.284498844146728516E+002  -0.859515351937696259E+001    1
   0.291739672996750077E+000   0.128433615206832599E+003   0.509777742473060513E+001  -0.283894023895263672E+002  -0.286432285308837891E+002  -0.860515351937696771E+001    1
   0.178286314613023866E+001   0.106368003785789739E+003   0.428586889904552404E+001  -0.283893165588378906E+002  -0.285735073089599609E+002  -0.861515351937696039E+001    1
   0.181299962531225289E+001   0.111772860993430314E+003   0.426284267604343015E+001  -0.283796463012695312E+002  -0.296941356658935547E+002  -0.862515351937695662E+001    1
   0.123100140729266716E+001   0.104260824066071024E+003   0.444982558868771871E+001  -0.283702259063720703E+002  -0.377727203369140625E+002  -0.863515351937696352E+001    1
   0.297420473556465670E+000   0.103231940606327655E+003   0.504077313923284720E+001  -0.283689613342285156E+002  -0.284054985046386719E+002  -0.864515351937696508E+001    1
   0.686224220306034138E+000   0.945904474820678161E+002   0.483458162177285811E+001  -0.283422813415527344E+002  -0.356930122375488281E+002  -0.865515351937695954E+001    1
   0.166063194998963626E+001   0.891331801105651920E+002   0.430683482259799799E+001  -0.283417854309082031E+002  -0.363588523864746094E+002  -0.866515351937696288E+001    1
   0.293635266211572987E+000   0.989507956579636243E+002   0.508458335225735691E+001  -0.283295421600341797E+002  -0.290793399810791016E+002  -0.867515351937696266E+001    1
   0.291026607957719841E+000   0.128582644572159950E+003   0.505848429522460741E+001  -0.283235206604003906E+002  -0.293020877838134766E+002  -0.868515351937696423E+001    1
   0.790563213277252874E+000   0.822518918854233050E+002   0.467189496476285360E+001  -0.283103904724121094E+002  -0.290650711059570312E+002  -0.869515351937696934E+001    1
   0.258247138673276644E+000   0.130220479005278889E+003   0.514648487652528264E+001  -0.282906894683837891E+002  -0.296459293365478516E+002  -0.870515351937696735E+001    1
   0.676932297436971586E+000   0.847633604257492550E+002   0.478554537574487160E+001  -0.282712059020996094E+002  -0.380460090637207031E+002  -0.871515351937696181E+001    1
   0.181736265851316636E+001   0.943007968467451008E+002   0.422216201545882264E+001  -0.282647609710693359E+002  -0.295839900970458984E+002  -0.872515351937695982E+001    1
   0.146534484615495830E+001   0.105594271629284378E+003   0.436264983566169473E+001  -0.282568473815917969E+002  -0.298094539642333984E+002  -0.873515351937696316E+001    1
   0.124179722120891856E+001   0.977317243068047787E+002   0.444249965531999180E+001  -0.282555770874023438E+002  -0.284114818572998047E+002  -0.874515351937695762E+001    1
   0.683709158214950263E+000   0.906459762096489925E+002   0.471454790216447428E+001  -0.282512207031250000E+002  -0.304167327880859375E+002  -0.875515351937695741E+001    1
   0.253924446510840451E+000   0.942955598463856717E+002   0.506414100718486804E+001  -0.282225532531738281E+002  -0.362277297973632812E+002  -0.876515351937696252E+001    1
   0.526996193482687891E+000   0.725160216356070322E+002   0.493299349932660114E+001  -0.282034435272216797E+002  -0.296997528076171875E+002  -0.877515351937696231E+001    1
   0.686902848228692076E+000   0.829298574750242210E+002   0.473711320612275255E+001  -0.281988315582275391E+002  -0.286631870269775391E+002  -0.878515351937696209E+001    1
   0.596156986640858921E+000   0.107927801116442566E+003   0.483829730964807414E+001  -0.281909885406494141E+002  -0.295004520416259766E+002  -0.879515351937696188E+001    1
   0.394010421549951306E+000   0.108322801221170650E+003   0.496273230480315242E+001  -0.281789970397949219E+002  -0.287708854675292969E+002  -0.880515351937695812E+001    1
   0.125424473282908200E+001   0.109558880127445022E+003   0.442135537985574167E+001  -0.281777153015136719E+002  -0.291321411132812500E+002  -0.881515351937695790E+001    1
   0.507953406032882526E+000   0.131546168679004666E+003   0.493630617623492451E+001  -0.281672096252441406E+002  -0.286422634124755859E+002  -0.882515351937695769E+001    1
   0.730736860762966955E+000   0.105464812638004972E+003   0.474466835550627675E+001  -0.281614456176757812E+002  -0.281789970397949219E+002  -0.883515351937695925E+001    1
   0.531713066803791046E+000   0.847486846337666861E+002   0.491853811132110508E+001  -0.281380996704101562E+002  -0.305543460845947266E+002  -0.884515351937695904E+001    1
   0.556724725669569098E+000   0.116739286476619370E+003   0.491273308080040572E+001  -0.281352825164794922E+002  -0.285488910675048828E+002  -0.885515351937696238E+001    1
   0.779481601715087846E+000   0.109850088357925415E+003   0.475013239383697439E+001  -0.281349372863769531E+002  -0.980087280273437500E+002  -0.886515351937696394E+001    1
   0.178432933500318502E+001   0.928671992953306642E+002   0.430491167021899734E+001  -0.281317882537841797E+002  -0.283103904724121094E+002  -0.887515351937696018E+001    1
   0.433441774297758431E+000   0.108185345320034912E+003   0.492385415307693197E+001  -0.281173095703125000E+002  -0.281909885406494141E+002  -0.888515351937696174E+001    1
   0.762256372059752829E+000   0.770703111453975254E+002   0.474144367588790949E+001  -0.281106014251708984E+002  -0.310904769897460938E+002  -0.889515351937696330E+001    1
   0.121667015836066894E+001   0.950559532130773874E+002   0.443164727712060724E+001  -0.280991954803466797E+002  -0.292538070678710938E+002  -0.890515351937696309E+001    1
   0.415874461106931714E+000   0.132230691580729513E+003   0.499642934716528142E+001  -0.280896778106689453E+002  -0.283796463012695312E+002  -0.891515351937696288E+001    1
   0.658860846636213027E+000   0.948491013106660148E+002   0.481533260606797686E+001  -0.280653591156005859E+002  -0.283422813415527344E+002  -0.892515351937696089E+001    1
   0.120708955755681102E+001   0.838002799362882342E+002   0.449612445713423270E+001  -0.280555992126464844E+002  -0.409872207641601562E+002  -0.893515351937696423E+001    1
   0.166910607103299768E+001   0.913777888967781138E+002   0.436642897171807309E+001  -0.280470066070556641E+002  -0.286619033813476562E+002  -0.894515351937696579E+001    1
   0.553502565918977396E+000   0.713142516309967078E+002   0.487540975999987047E+001  -0.280281944274902344E+002  -0.298890552520751953E+002  -0.895515351937696202E+001    1
   0.164966837979436032E+001   0.888670173622558082E+002   0.431789896198093270E+001  -0.280202369689941406E+002  -0.288672599792480469E+002  -0.896515351937696181E+001    1
   0.396722147994009400E+000   0.109072732162995166E+003   0.504060729145458986E+001  -0.280185546875000000E+002  -0.284158191680908203E+002  -0.897515351937695982E+001    1
   0.310167183016490156E+000   0.125563288938072134E+003   0.510918973621905348E+001  -0.280075340270996094E+002  -0.283957118988037109E+002  -0.898515351937695428E+001    1
   0.740881540655595972E+000   0.104633860047054711E+003   0.475885877125643120E+001  -0.280071582794189453E+002  -0.291437225341796875E+002  -0.899515351937695407E+001    1
   0.674778686902561375E+000   0.897895530031476596E+002   0.477276536475434909E+001  -0.279898738861083984E+002  -0.285560455322265625E+002  -0.900515351937695741E+001    1
   0.358329948996578329E+000   0.115248937962091247E+003   0.504882745881523576E+001  -0.279898223876953125E+002  -0.290341587066650391E+002  -0.901515351937696252E+001    1
   0.154803917563572213E+001   0.998525196532533812E+002   0.433759165749650588E+001  -0.279818878173828125E+002  -0.296382732391357422E+002  -0.902515351937696408E+001    1
   0.167838724526190597E+001   0.948611960541955739E+002   0.435709179322293316E+001  -0.279725551605224609E+002  -0.297169189453125000E+002  -0.903515351937696032E+001    1
   0.590153827028608968E+000   0.947872312031401805E+002   0.487018509759294904E+001  -0.279503421783447266E+002  -0.282225532531738281E+002  -0.904515351937695833E+001    1
   0.160660125377377461E+001   0.770885342354042393E+002   0.433199270354264243E+001  -0.279434432983398438E+002  -0.321112442016601562E+002  -0.905515351937695989E+001    1
   0.405810627782248079E+000   0.778902551915391115E+002   0.498329450380955929E+001  -0.279309120178222656E+002  -0.281672096252441406E+002  -0.906515351937695790E+001    1
   0.504682751760741732E+000   0.718212229552900965E+002   0.490063175264728468E+001  -0.279277420043945312E+002  -0.294499607086181641E+002  -0.907515351937695591E+001    1
   0.163476516408387273E+001   0.798123459966927271E+002   0.429718631087281366E+001  -0.279189662933349609E+002  -0.288574352264404297E+002  -0.908515351937695925E+001    1
   0.176234108441038506E+001   0.997062126833692162E+002   0.430191021681828900E+001  -0.279184913635253906E+002  -0.279898738861083984E+002  -0.909515351937696437E+001    1
   0.820244333418026716E+000   0.872632059657683214E+002   0.469502567683461169E+001  -0.279044857025146484E+002  -0.294819240570068359E+002  -0.910515351937696060E+001    1
   0.328660153825739765E+000   0.104587367050279937E+003   0.502496079304257925E+001  -0.279032497406005859E+002  -0.303855915069580078E+002  -0.911515351937695506E+001    1
   0.182934805214691765E+001   0.899846771147890081E+002   0.427260146983456668E+001  -0.279002075195312500E+002  -0.286760253906250000E+002  -0.912515351937696195E+001    1
   0.113409724359803610E+001   0.872859192962470871E+002   0.449896483995537100E+001  -0.278945732116699219E+002  -0.287364826202392578E+002  -0.913515351937696529E+001    1
   0.110693600358598943E+001   0.102692984860345661E+003   0.449423485540413115E+001  -0.278810558319091797E+002  -0.305407562255859375E+002  -0.914515351937696153E+001    1
   0.113347219383985909E+001   0.957404124775002003E+002   0.454403164538141713E+001  -0.278729763031005859E+002  -0.282555770874023438E+002  -0.915515351937696131E+001    1
   0.219633526268656842E+000   0.916209770298308968E+002   0.514267852839619533E+001  -0.278677120208740234E+002  -0.291028347015380859E+002  -0.916515351937695577E+001    1
   0.170010406805561698E+001   0.935935031506636790E+002   0.427239460075612332E+001  -0.278540325164794922E+002  -0.304474830627441406E+002  -0.917515351937695733E+001    1
   0.230291737515781497E+000   0.110145222673922717E+003   0.513111831904246429E+001  -0.278529014587402344E+002  -0.282512207031250000E+002  -0.918515351937696067E+001    1
   0.217363107502916403E+000   0.970300846453299499E+002   0.516888549369019934E+001  -0.278525142669677734E+002  -0.333337135314941406E+002  -0.919515351937696046E+001    1
   0.269355383260230452E+000   0.133063806267776641E+003   0.514357018653099196E+001  -0.278440475463867188E+002  -0.281317882537841797E+002  -0.920515351937696202E+001    1
   0.333749210834503152E+000   0.951948440074920654E+002   0.508385999202728200E+001  -0.278256435394287109E+002  -0.100000000000000002E+101  -0.921515351937696536E+001    1
   0.481282824025074218E+000   0.100222641228330019E+003   0.496331618603261404E+001  -0.278019180297851562E+002  -0.280991954803466797E+002  -0.922515351937696337E+001    1
   0.120681250798879036E+001   0.100866329037576250E+003   0.449934944523276137E+001  -0.277918548583984375E+002  -0.294974842071533203E+002  -0.923515351937695961E+001    1
   0.298646480884507959E+000   0.108877227322666997E+003   0.511653237371233871E+001  -0.277893695831298828E+002  -0.283295421600341797E+002  -0.924515351937695584E+001    1
   0.605565119521658701E+000   0.113141471404885039E+003   0.484199647041026360E+001  -0.277389755249023438E+002  -0.281352825164794922E+002  -0.925515351937695918E+001    1
   0.520588804435618169E+000   0.135029075822326263E+003   0.493851966551258315E+001  -0.277254447937011719E+002  -0.304151554107666016E+002  -0.926515351937696607E+001    1
   0.528909684018235016E+000   0.886152101952333879E+002   0.492512563571537942E+001  -0.277247848510742188E+002  -0.289285259246826172E+002  -0.927515351937695876E+001    1
   0.545672628607130172E+000   0.129532723331216090E+003   0.491344949655847252E+001  -0.277101535797119141E+002  -0.280653591156005859E+002  -0.928515351937695499E+001    1
   0.353622927142517307E+000   0.121921263493481433E+003   0.501889169244744604E+001  -0.276779422760009766E+002  -0.278810558319091797E+002  -0.929515351937696188E+001    1
   0.508060414486792178E+000   0.769170001508807815E+002   0.493792612182886614E+001  -0.276694450378417969E+002  -0.305412731170654297E+002  -0.930515351937696522E+001    1
   0.103660477595365297E+001   0.912718181491186584E+002   0.456436115862630132E+001  -0.276557960510253906E+002  -0.286084575653076172E+002  -0.931515351937695790E+001    1
   0.193560377590514476E+001   0.104442193967614003E+003   0.425606391277273577E+001  -0.276508312225341797E+002  -0.290637073516845703E+002  -0.932515351937696657E+001    1
   0.421744856613135322E+000   0.832883455014386129E+002   0.494821291389574114E+001  -0.276422233581542969E+002  -0.279503421783447266E+002  -0.933515351937696458E+001    1
   0.743242020840904960E+000   0.895227082997664354E+002   0.472887708534717355E+001  -0.276409454345703125E+002  -0.401768608093261719E+002  -0.934515351937696082E+001    1
   0.336360115565560613E+000   0.131097108728869358E+003   0.504721021654894919E+001  -0.276327800750732422E+002  -0.281173095703125000E+002  -0.935515351937695883E+001    1
   0.655865946507794950E+000   0.894711779124137792E+002   0.475919737482635075E+001  -0.276326389312744141E+002  -0.289141750335693359E+002  -0.936515351937696394E+001    1
   0.120422708711771032E+001   0.114442741344059357E+003   0.446390012132190428E+001  -0.276216373443603516E+002  -0.279032497406005859E+002  -0.937515351937696728E+001    1
   0.480888785595571855E+000   0.131634766519059383E+003   0.495751372620218778E+001  -0.275979557037353516E+002  -0.329856986999511719E+002  -0.938515351937696352E+001    1
   0.270485501882867352E+000   0.102635948280288630E+003   0.508369925548844748E+001  -0.275978565216064453E+002  -0.284648361206054688E+002  -0.939515351937695797E+001    1
   0.664254289833110523E+000   0.121196349566627859E+003   0.480320511011296780E+001  -0.275837631225585938E+002  -0.292374820709228516E+002  -0.940515351937695776E+001    1
   0.465126615926799991E+000   0.119629435291141888E+003   0.496723193663198348E+001  -0.275739517211914062E+002  -0.286556301116943359E+002  -0.941515351937695755E+001    1
   0.313857707123423646E+000   0.998544661060291787E+002   0.500957449602754235E+001  -0.275637340545654297E+002  -0.293124675750732422E+002  -0.942515351937696089E+001    1
   0.103161070884417039E+001   0.898946104073474572E+002   0.456666165202116492E+001  -0.275473384857177734E+002  -0.282712059020996094E+002  -0.943515351937695712E+001    1
   0.495367090223017614E+000   0.112714653658815678E+003   0.496291464130078364E+001  -0.275437335968017578E+002  -0.276216373443603516E+002  -0.944515351937694980E+001    1
   0.475658124635756296E+000   0.835529239142569224E+002   0.494362963132505051E+001  -0.275404052734375000E+002  -0.287049160003662109E+002  -0.945515351937695137E+001    1
   0.252144729880780405E+000   0.104572549826186730E+003   0.517184767181304039E+001  -0.275263233184814453E+002  -0.284277400970458984E+002  -0.946515351937695826E+001    1
   0.118002741728675242E+001   0.959342783319086152E+002   0.451959622348791967E+001  -0.275129318237304688E+002  -0.316510219573974609E+002  -0.947515351937695982E+001    1
   0.241531722519545966E+000   0.955113381647975075E+002   0.514123086135197838E+001  -0.274952201843261719E+002  -0.278729763031005859E+002  -0.948515351937695605E+001    1
   0.567797790152952730E+000   0.952091354596194321E+002   0.482938344608935211E+001  -0.274935131072998047E+002  -0.281614456176757812E+002  -0.949515351937695584E+001    1
   0.172898441935813096E+001   0.875859824788502550E+002   0.431734070711251938E+001  -0.274745941162109375E+002  -0.284750556945800781E+002  -0.950515351937695741E+001    1
   0.338010736568256420E+000   0.121751910932207679E+003   0.500753235045100986E+001  -0.274697036743164062E+002  -0.279818878173828125E+002  -0.951515351937695897E+001    1
   0.739929056963689380E+000   0.105879311090242823E+003   0.473568742285996525E+001  -0.274551067352294922E+002  -0.282647609710693359E+002  -0.952515351937695876E+001    1
   0.298333465097441464E+000   0.123194142369286340E+003   0.507096703401503746E+001  -0.274534263610839844E+002  -0.275739517211914062E+002  -0.953515351937695854E+001    1
   0.538858073513123426E+000   0.117368189020532753E+003   0.484908236573861373E+001  -0.274422492980957031E+002  -0.296850605010986328E+002  -0.954515351937695833E+001    1
   0.449509334714179198E+000   0.108421061119195485E+003   0.495009629543680596E+001  -0.274401283264160156E+002  -0.276422233581542969E+002  -0.955515351937695989E+001    1
   0.396700465509960853E+000   0.869508604287036349E+002   0.499036485283661690E+001  -0.274342880249023438E+002  -0.281777153015136719E+002  -0.956515351937696323E+001    1
   0.518099053663330866E+000   0.888306832746167174E+002   0.491167483428612428E+001  -0.274257869720458984E+002  -0.277389755249023438E+002  -0.957515351937696302E+001    1
   0.306911987907940442E+000   0.123303878279733127E+003   0.506446863745602993E+001  -0.274216289520263672E+002  -0.275473384857177734E+002  -0.958515351937695215E+001    1
   0.701971023375435266E+000   0.947193274453710217E+002   0.475023369668665296E+001  -0.274213275909423828E+002  -0.275978565216064453E+002  -0.959515351937695371E+001    1
   0.271813929987389791E+000   0.106296217436389412E+003   0.506012351649991299E+001  -0.274161472320556641E+002  -0.290513248443603516E+002  -0.960515351937695527E+001    1
   0.798245281547124153E+000   0.114862446330266010E+003   0.465603276508173458E+001  -0.274156494140625000E+002  -0.291039047241210938E+002  -0.961515351937695861E+001    1
   0.313479152875341838E+000   0.125303881267008961E+003   0.507734491331069115E+001  -0.273996105194091797E+002  -0.281349372863769531E+002  -0.962515351937695662E+001    1
   0.560616233539187325E+000   0.108541559337996901E+003   0.488528033332762668E+001  -0.273989582061767578E+002  -0.276508312225341797E+002  -0.963515351937695286E+001    1
   0.524746409594061602E+000   0.124391231177269376E+003   0.491095450405677880E+001  -0.273931617736816406E+002  -0.279277420043945312E+002  -0.964515351937695797E+001    1
   0.185486724264660374E+001   0.911970327427348479E+002   0.423910127449356366E+001  -0.273898029327392578E+002  -0.286381206512451172E+002  -0.965515351937696309E+001    1
   0.219102704858097741E+000   0.100660625848052860E+003   0.517385133115500828E+001  -0.273877849578857422E+002  -0.278945732116699219E+002  -0.966515351937695755E+001    1
   0.563018704687765048E+000   0.847507445939078252E+002   0.487927694587877880E+001  -0.273740043640136719E+002  -0.288619041442871094E+002  -0.967515351937695556E+001    1
   0.337008301029730950E+000   0.942839444578798833E+002   0.500467534869563302E+001  -0.273693923950195312E+002  -0.280555992126464844E+002  -0.968515351937696067E+001    1
   0.210506644610749111E+000   0.120118563501588881E+003   0.513857642516241775E+001  -0.273614788055419922E+002  -0.289652214050292969E+002  -0.969515351937696224E+001    1
   0.109340221828832629E+001   0.101353365853376886E+003   0.453218404402429531E+001  -0.273308124542236328E+002  -0.276694450378417969E+002  -0.970515351937696025E+001    1
   0.423926446317055339E+000   0.112215428298906573E+003   0.501469644780046941E+001  -0.273246612548828125E+002  -0.275979557037353516E+002  -0.971515351937696003E+001    1
   0.788286136026326245E+000   0.105284936870441285E+003   0.474787748323578551E+001  -0.273081970214843750E+002  -0.279434432983398438E+002  -0.972515351937696160E+001    1
   0.631067947153595266E+000   0.106263364385105390E+003   0.481144451979387888E+001  -0.273021717071533203E+002  -0.273898029327392578E+002  -0.973515351937696316E+001    1
   0.369770639061753892E+000   0.954955498547763568E+002   0.501666275963365038E+001  -0.272982864379882812E+002  -0.277893695831298828E+002  -0.974515351937696295E+001    1
   0.567905291597283646E+000   0.109966336394467803E+003   0.486914381249508121E+001  -0.272723941802978516E+002  -0.283417854309082031E+002  -0.975515351937696273E+001    1
   0.517823527809252893E+000   0.804266345281745032E+002   0.490284907734927433E+001  -0.272570705413818359E+002  -0.283235206604003906E+002  -0.976515351937695542E+001    1
   0.484849429211438643E+000   0.926644099697970773E+002   0.494217303168511179E+001  -0.272524337768554688E+002  -0.273989582061767578E+002  -0.977515351937695698E+001    1
   0.697992158628578441E+000   0.908060277940947742E+002   0.474160579173043839E+001  -0.272059345245361328E+002  -0.278529014587402344E+002  -0.978515351937696209E+001    1
   0.420805346965789806E+000   0.890487110614776611E+002   0.496778440475463867E+001  -0.272044200897216797E+002  -0.100000000000000002E+101  -0.979515351937696011E+001    1
   0.352958049247387495E+000   0.108311159529614429E+003   0.507589440995641272E+001  -0.271962280273437500E+002  -0.276779422760009766E+002  -0.980515351937695812E+001    1
   0.433770851616690933E+000   0.106786339893863612E+003   0.495831086246106167E+001  -0.271890850067138672E+002  -0.276557960510253906E+002  -0.981515351937695613E+001    1
   0.780469228294618400E+000   0.106199193333497419E+003   0.472717453310765734E+001  -0.271796512603759766E+002  -0.284789085388183594E+002  -0.982515351937695769E+001    1
   0.221490130761653164E+000   0.101108898171320902E+003   0.514377530684220297E+001  -0.271777667999267578E+002  -0.275837631225585938E+002  -0.983515351937696103E+001    1
   0.539465217422576027E+000   0.120733974154300000E+003   0.488965580260662058E+001  -0.271752567291259766E+002  -0.276326389312744141E+002  -0.984515351937696082E+001    1
   0.914272640338927856E+000   0.953719500572721870E+002   0.463576595727996299E+001  -0.271606216430664062E+002  -0.298269157409667969E+002  -0.985515351937696060E+001    1
   0.328398773351218254E+000   0.108925496061613615E+003   0.511611795867705688E+001  -0.271495037078857422E+002  -0.280075340270996094E+002  -0.986515351937695506E+001    1
   0.605529651001989633E+000   0.918818264984800948E+002   0.481842884613439271E+001  -0.271407070159912109E+002  -0.278677120208740234E+002  -0.987515351937695307E+001    1
   0.456479866692859004E+000   0.118790185899181424E+003   0.495155575588634012E+001  -0.271349315643310547E+002  -0.279044857025146484E+002  -0.988515351937695641E+001    1
   0.343346193636888120E+000   0.115360487676420803E+003   0.505597498326484374E+001  -0.271339836120605469E+002  -0.278440475463867188E+002  -0.989515351937695975E+001    1
   0.347990636025614475E+000   0.990327635685635670E+002   0.501957920469970187E+001  -0.271300296783447266E+002  -0.271407070159912109E+002  -0.990515351937695954E+001    1
   0.528595726390571619E+000   0.820735729884466707E+002   0.487398677121711543E+001  -0.271266574859619141E+002  -0.274935131072998047E+002  -0.991515351937695577E+001    1
   0.435841673608083124E+000   0.870548634018424963E+002   0.494661273556113557E+001  -0.271237812042236328E+002  -0.271890850067138672E+002  -0.992515351937695911E+001    1
   0.455748899795542617E+000   0.930224899031423149E+002   0.490514413424025086E+001  -0.271233367919921875E+002  -0.277918548583984375E+002  -0.993515351937696067E+001    1
   0.570244322229214395E+000   0.100637003675063440E+003   0.486163022061248284E+001  -0.271202793121337891E+002  -0.284099769592285156E+002  -0.994515351937695513E+001    1
   0.344505957465303159E+000   0.115587702986358309E+003   0.508141100390637757E+001  -0.271073398590087891E+002  -0.296264019012451172E+002  -0.995515351937695492E+001    1
   0.285288188211271221E+000   0.133795545373835751E+003   0.509860161340997120E+001  -0.271043338775634766E+002  -0.271962280273437500E+002  -0.996515351937695826E+001    1
   0.269245125407928776E+000   0.124275322036897123E+003   0.510611369141013149E+001  -0.270887050628662109E+002  -0.362291564941406250E+002  -0.997515351937695982E+001    1
   0.321000326415930459E+000   0.106616410303410362E+003   0.505284378636731901E+001  -0.270864372253417969E+002  -0.272044200897216797E+002  -0.998515351937696138E+001    1
   0.320891077441646189E+000   0.129775175284089244E+003   0.509998300929281889E+001  -0.270791034698486328E+002  -0.389156990051269531E+002  -0.999515351937695584E+001    1
