    0.724369489370380674E-97    0.499775085449218750E+03    0.570340216159820557E+00    0.728040134906768799E+02    0.410540159940719551E+01
    0.541933677481333208E-95    0.491125061035156250E+03    0.402098548412323009E+00    0.850784039497375488E+02    0.438876506090164131E+01
    0.326703384283597107E-82    0.432250030517578125E+03    0.190025830268859863E+01    0.155598489046096802E+03    0.515760976076126099E+01
    0.465511141820904028E-80    0.422311523437500000E+03    0.197639784812927255E+01    0.127254507541656494E+03    0.513942643404006905E+01
    0.180186679809412338E-77    0.410374298095703125E+03    0.139619784355163579E+01    0.617056763172149658E+02    0.518160688877105713E+01
    0.254237452348839486E-76    0.405060577392578125E+03    0.229647421836853050E+00    0.145047632455825806E+03    0.471945737600326520E+01
    0.584394619823196765E-69    0.371139770507812500E+03    0.136589778661727901E+01    0.102257666587829590E+03    0.516131495237350446E+01
    0.175497672362877741E-68    0.368920501708984375E+03    0.820406961441040083E+00    0.149016079902648926E+03    0.400446796417236328E+01
    0.291866330725685775E-66    0.358672821044921875E+03    0.193517980575561532E+01    0.606220638751983643E+02    0.505202581882476753E+01
    0.142420184761956467E-63    0.346272338867187500E+03    0.639802348613738969E+00    0.130348131656646729E+03    0.421334507465362496E+01
    0.589170379977494847E-59    0.324991790771484375E+03    0.130363438129425058E+01    0.128553471565246582E+03    0.514072878360748220E+01
    0.517727690767309620E-58    0.320625152587890625E+03    0.981317293643951372E+00    0.910167014598846436E+02    0.381076050996780369E+01
    0.287268560822307569E-56    0.312572875976562500E+03    0.947971320152282804E+00    0.622314369678497314E+02    0.385307831764221165E+01
    0.947057135707001727E-56    0.310166992187500000E+03    0.661531782150268644E+00    0.118228433132171631E+03    0.423383152484893799E+01
    0.115898592472092011E-54    0.305137939453125000E+03    0.955118227005004927E+00    0.156983355283737183E+03    0.399831253290176392E+01
    0.546929920716101637E-51    0.288199218750000000E+03    0.789594280719757124E+00    0.155479416847229004E+03    0.418333128690719569E+01
    0.349860511237124885E-50    0.284467620849609375E+03    0.487999618053436279E+00    0.139668807983398438E+03    0.448972948789596504E+01
    0.119990383363364532E-49    0.281982696533203125E+03    0.193344902992248535E+01    0.112237325906753540E+03    0.495391784906387311E+01
    0.493968812182691122E-48    0.274527404785156250E+03    0.677292978763580411E+00    0.655439889430999756E+02    0.421678006649017334E+01
    0.151041944600594634E-47    0.272272064208984375E+03    0.934563386440277144E+00    0.152909449338912964E+03    0.517301732301712036E+01
    0.220090941952346335E-45    0.262288757324218750E+03    0.959419631958007946E+00    0.650356626510620117E+02    0.512909951210021919E+01
    0.486661429891460580E-45    0.260681701660156250E+03    0.105400612354278578E+01    0.685460007190704346E+02    0.384846122264862034E+01
    0.792729881425022799E-44    0.255080703735351562E+03    0.110010117292404175E+01    0.129258201122283936E+03    0.388694307804107630E+01
    0.837518642737560438E-43    0.250345611572265625E+03    0.986037015914916992E+00    0.154991701841354370E+03    0.406171543598175067E+01
    0.479487753935200209E-42    0.246835891723632812E+03    0.189678741693496700E+01    0.812839126586914062E+02    0.489756475687026960E+01
    0.812914152344398180E-41    0.241154907226562500E+03    0.670748174190521240E+00    0.135771498680114746E+03    0.433391258716583216E+01
    0.181421436800727102E-40    0.239529342651367188E+03    0.138230797052383414E+01    0.116678384542465210E+03    0.499345580339431727E+01
    0.134896944176086184E-39    0.235496795654296875E+03    0.722751700878143444E+00    0.845400428771972656E+02    0.519616254568099922E+01
    0.752043785552979857E-38    0.227435058593750000E+03    0.185707817077636728E+01    0.127898905277252197E+03    0.488499454259872401E+01
    0.748593534805400868E-38    0.227424255371093750E+03    0.499122846126556441E+00    0.125323889255523682E+03    0.451783552169799751E+01
    0.210286945365254399E-37    0.225338531494140625E+03    0.181023875474929818E+01    0.123863766193389893E+03    0.489075418710708565E+01
    0.312873435444878710E-37    0.224523880004882812E+03    0.474163174629211426E+00    0.146830872297286987E+03    0.457852716445922781E+01
    0.551836806652687979E-37    0.223368972778320312E+03    0.378939497470855757E+00    0.138098481893539429E+03    0.468540402650833077E+01
    0.170825705551233626E-36    0.221089019775390625E+03    0.111343926191329956E+01    0.159907559156417847E+03    0.504304230213165283E+01
    0.423566998320475879E-36    0.219252883911132812E+03    0.173424876928329463E+01    0.834471917152404785E+02    0.486970639228820801E+01
    0.929343248783590043E-33    0.203845840454101562E+03    0.146377266645431514E+01    0.778756296634674072E+02    0.490262420177459646E+01
    0.207478205274024511E-32    0.202219573974609375E+03    0.163380658626556396E+01    0.136787024736404419E+03    0.488517261743545461E+01
    0.368520245233493403E-31    0.196445465087890625E+03    0.147580773830413814E+01    0.671836888790130615E+02    0.487263695001602137E+01
    0.451917737368816195E-31    0.196017456054687500E+03    0.896179258823394775E+00    0.130247691869735718E+03    0.418641521930694527E+01
    0.183319871414355628E-28    0.183986480712890625E+03    0.374234902858734175E+00    0.952672815322875977E+02    0.470106301307678187E+01
    0.325162251797664070E-28    0.182820297241210938E+03    0.984752237796783447E+00    0.716947531700134277E+02    0.500684629678726179E+01
    0.233839293270451341E-27    0.178854507446289062E+03    0.101291124820709233E+01    0.135349479913711548E+03    0.501014894247055054E+01
    0.100501676886700754E-24    0.166707916259765625E+03    0.911451327800750777E+00    0.103599152565002441E+03    0.501165039539337087E+01
    0.169082509071961683E-24    0.165647491455078125E+03    0.183056335449218754E+01    0.103816959857940674E+03    0.476764990091323781E+01
    0.192193320744473045E-24    0.165371261596679688E+03    0.125359380245208740E+01    0.140999648571014404E+03    0.402404226064682025E+01
    0.272768765925623319E-24    0.164651016235351562E+03    0.604732894897460960E+00    0.959592914581298828E+02    0.448067612648010183E+01
    0.274992613420984040E-24    0.164614776611328125E+03    0.412062096595764205E+00    0.124556986093521118E+03    0.469609335660934413E+01
    0.179888121131674981E-23    0.160838424682617188E+03    0.113445576429367079E+01    0.784507131576538086E+02    0.402838281393051112E+01
    0.266486624014322264E-22    0.155427276611328125E+03    0.113756680488586426E+01    0.133954862356185913E+03    0.490792914628982491E+01
    0.101333716588342879E-21    0.152735916137695312E+03    0.552435719966888450E+00    0.120566723346710205E+03    0.518931359052658081E+01
    0.196670582050890737E-21    0.151389694213867188E+03    0.389846003055572488E+00    0.112941101789474487E+03    0.473149119615554792E+01
    0.197977741448878826E-21    0.151356445312500000E+03    0.147739785909652710E+01    0.115715262889862061E+03    0.386182943582534755E+01
    0.211943081349472574E-21    0.151200119018554688E+03    0.101461380720138550E+01    0.913389480113983154E+02    0.494284141063690186E+01
    0.340306230991989019E-21    0.150233062744140625E+03    0.130837459564208980E+01    0.775579071044921875E+02    0.394162565469741821E+01
    0.273045243243466750E-20    0.146048309326171875E+03    0.190607665777206425E+01    0.127331302165985107E+03    0.471938377618789673E+01
    0.782507665519934308E-20    0.143922576904296875E+03    0.961324322223663374E+00    0.141011104583740234E+03    0.428517624139785713E+01
    0.237220618056633521E-19    0.141684432983398438E+03    0.164921619892120352E+01    0.149825564622879028E+03    0.395816341638565028E+01
    0.359493300746378940E-19    0.140833023071289062E+03    0.705751216411590665E+00    0.743283843994140625E+02    0.442299890518188477E+01
    0.415445317281621454E-19    0.140523712158203125E+03    0.105441167354583754E+01    0.133381316661834717E+03    0.420399522781372070E+01
    0.393116255307248953E-18    0.136009033203125000E+03    0.160582942962646480E+01    0.756320512294769287E+02    0.472861804962158150E+01
    0.459835441136275707E-18    0.135675506591796875E+03    0.125195615291595463E+01    0.814899599552154541E+02    0.400900344848632795E+01
    0.503884595908378742E-18    0.135472549438476562E+03    0.130544798374176030E+01    0.147796086072921753E+03    0.413489718437194842E+01
    0.157864916984333753E-17    0.133168594360351562E+03    0.124606859683990479E+01    0.107112321853637695E+03    0.483079470396041799E+01
    0.267778820308144232E-17    0.132091751098632812E+03    0.382241725921630859E+00    0.968710219860076904E+02    0.476299917697906494E+01
    0.189430494247225673E-16    0.128158859252929688E+03    0.178620669841766366E+01    0.106081280708312988E+03    0.469386667013168335E+01
    0.624260243477886243E-16    0.125753768920898438E+03    0.478165030479431152E+00    0.149834165573120117E+03    0.473264409303665090E+01
    0.642990251798545623E-16    0.125674644470214844E+03    0.187628729343414302E+01    0.158910397291183472E+03    0.398436503410339338E+01
    0.104851495443981845E-15    0.124676643371582031E+03    0.140098515748977670E+01    0.139040968418121338E+03    0.476260105371475184E+01
    0.402632894098376130E-15    0.121965682983398438E+03    0.197460355758666983E+01    0.836486017704010010E+02    0.463273301124572701E+01
    0.437703840093263122E-15    0.121778648376464844E+03    0.106931070089340219E+01    0.140530619621276855E+03    0.427267678976058907E+01
    0.606502529689825052E-15    0.121106315612792969E+03    0.158986567258834843E+01    0.149101666212081909E+03    0.405461488962173444E+01
    0.119964711459895278E-14    0.119722167968750000E+03    0.142536675930023193E+01    0.128922388553619385E+03    0.474651799201965297E+01
    0.139132602923229200E-14    0.119405708312988281E+03    0.138919363021850595E+01    0.965795612335205078E+02    0.401687837839126605E+01
    0.216785248026824412E-14    0.118498748779296875E+03    0.109580320119857788E+01    0.101113823652267456E+03    0.484167904853820730E+01
    0.250638788727489625E-14    0.118188537597656250E+03    0.777595043182373047E+00    0.137917557954788208E+03    0.445819029808044398E+01
    0.420631480504831559E-14    0.117133049011230469E+03    0.131365554332733159E+01    0.105072525739669800E+03    0.476609245538711512E+01
    0.534105627902834418E-14    0.116635375976562500E+03    0.161757471561431876E+01    0.123444638252258301E+03    0.470276023149490285E+01
    0.128191063828460484E-13    0.114864349365234375E+03    0.196597553491592403E+01    0.919235742092132568E+02    0.463377684354782104E+01
    0.143514921507401705E-13    0.114618515014648438E+03    0.864509987831115767E+00    0.113373163938522339E+03    0.437327563762664795E+01
    0.452807057008302916E-13    0.112300460815429688E+03    0.186006464958190909E+01    0.873620128631591797E+02    0.462724231481552106E+01
    0.754994270973358960E-13    0.111257972717285156E+03    0.167127962112426753E+01    0.135150704383850098E+03    0.465921809673309273E+01
    0.147734204105422304E-12    0.109895393371582031E+03    0.191088714599609366E+01    0.651876842975616455E+02    0.383520349264144889E+01
    0.159610580403020186E-12    0.109720748901367188E+03    0.116754006147384648E+01    0.157711062431335449E+03    0.475654976367950422E+01
    0.289499138245370446E-12    0.108509918212890625E+03    0.151875741481781001E+01    0.121582344770431519E+03    0.469876414537429810E+01
    0.295712311625609691E-12    0.108447448730468750E+03    0.140575691461563101E+01    0.131712803840637207E+03    0.412911617755889893E+01
    0.469697602118983421E-12    0.107502044677734375E+03    0.942363357543945401E+00    0.837117230892181396E+02    0.432678625583648646E+01
    0.754241487949340297E-12    0.106534797668457031E+03    0.120747364759445186E+01    0.126289556026458740E+03    0.419395335912704414E+01
    0.898433715101453807E-12    0.106164916992187500E+03    0.147891341447830205E+01    0.685423707962036133E+02    0.468055269718170130E+01
    0.153444764950569682E-11    0.105074371337890625E+03    0.140999104976654044E+01    0.631835973262786865E+02    0.406529954671859706E+01
    0.229808593948113476E-11    0.104246559143066406E+03    0.196030244827270517E+01    0.111909625530242920E+03    0.389068824052810669E+01
    0.905845785323342693E-11    0.101483314514160156E+03    0.532599496841430708E+00    0.142195204496383667E+03    0.472130655050277692E+01
    0.932519082401531120E-11    0.101405273437500000E+03    0.138331669569015503E+01    0.136557421684265137E+03    0.470603842735290456E+01
    0.134111538634533972E-10    0.100658538818359375E+03    0.127189612388610840E+01    0.928398942947387695E+02    0.472802733182907087E+01
    0.168220972811053616E-10    0.100185325622558594E+03    0.164606782197952262E+01    0.100166890621185303E+03    0.462812517881393415E+01
    0.172299294659357358E-10    0.100117416381835938E+03    0.115015730857849130E+01    0.935921168327331543E+02    0.476895049810409510E+01
    0.375443738723634322E-10    0.985396652221679688E+02    0.169444060325622559E+01    0.625424003601074219E+02    0.459107376337051321E+01
    0.562608000752592165E-10    0.977107162475585938E+02    0.149565458297729492E+01    0.112778476476669312E+03    0.409876935482025129E+01
    0.597623207064263090E-10    0.975699615478515625E+02    0.176056478023529062E+01    0.145065919160842896E+03    0.411018550395965576E+01
    0.863782684960957289E-10    0.968132400512695312E+02    0.714422154426574751E+00    0.788674271106719971E+02    0.451053829193115163E+01
    0.114875038670064725E-09    0.962230224609375000E+02    0.176984114646911617E+01    0.149777874946594238E+03    0.413773328065872192E+01
    0.136310096455287469E-09    0.958608474731445312E+02    0.120703827142715459E+01    0.701114928722381592E+02    0.419027512073516828E+01
    0.214800848184879490E-09    0.949312896728515625E+02    0.168852375745773320E+01    0.619890964031219482E+02    0.400521122217178327E+01
    0.270508702017452805E-09    0.944501037597656250E+02    0.170998529195785531E+01    0.124074438810348511E+03    0.459898924827575684E+01
    0.660859101186705829E-09    0.926436309814453125E+02    0.189086402654647823E+01    0.955679035186767578E+02    0.394153403043746930E+01
    0.125308387519465873E-08    0.913439865112304688E+02    0.133001004457473759E+01    0.159831539392471313E+03    0.453781528472900320E+01
    0.141738415298798854E-08    0.910775756835937500E+02    0.112793306112289438E+01    0.134450355768203735E+03    0.434061475992202705E+01
    0.143914221116476375E-08    0.910271072387695312E+02    0.131930824518203726E+01    0.707873618602752686E+02    0.417201777696609444E+01
    0.153599983414770190E-08    0.908768386840820312E+02    0.776903676986694380E+00    0.885633563995361328E+02    0.490938111543655342E+01
    0.166573264447382120E-08    0.906946716308593750E+02    0.102549874782562256E+01    0.143575701713562012E+03    0.442643573284149117E+01
    0.215973002082657060E-08    0.901552352905273438E+02    0.653952825069427535E+00    0.142125437259674072E+03    0.498097254037856985E+01
    0.265892177535852851E-08    0.897193603515625000E+02    0.183084058761596680E+01    0.133125201463699341E+03    0.455482543706893850E+01
    0.326890267074988292E-08    0.892862930297851562E+02    0.281019663810730014E+00    0.154631230831146240E+03    0.499372333288192749E+01
    0.339807807470197357E-08    0.891887817382812500E+02    0.171635789871215816E+01    0.123723266124725342E+03    0.457943522930145264E+01
    0.377135170588422780E-08    0.889603347778320312E+02    0.114210660457611080E+01    0.135475656986236572E+03    0.434046247005462593E+01
    0.385329112385289279E-08    0.888973464965820312E+02    0.112230632305145273E+01    0.116689518690109253E+03    0.473535585403442383E+01
    0.414041009012085808E-08    0.887336120605468750E+02    0.168154486417770377E+01    0.159533313512802124E+03    0.428857510089874250E+01
    0.133467885192016868E-07    0.863726501464843750E+02    0.876435947418212846E+00    0.151588300466537476E+03    0.479935348033905029E+01
    0.146850279637442117E-07    0.861615447998046875E+02    0.675031983852386497E+00    0.748221373558044434E+02    0.458284894227981532E+01
    0.145552798572523947E-07    0.861592941284179688E+02    0.973374629020691051E+00    0.123940232992172241E+03    0.441753758192062307E+01
    0.185953753187413692E-07    0.856493759155273438E+02    0.584947204589843839E+00    0.155794653892517090E+03    0.500463538169860822E+01
    0.189226507684776801E-07    0.855944824218750000E+02    0.171718509197235103E+01    0.155618444681167603E+03    0.430624748468399066E+01
    0.225912375363613425E-07    0.852200775146484375E+02    0.168580528497695914E+01    0.114471397399902344E+03    0.456931041479110700E+01
    0.368567765753983006E-07    0.842211227416992188E+02    0.924267351627349854E+00    0.139130041599273682E+03    0.479624534845352102E+01
    0.408312280597165474E-07    0.839963073730468750E+02    0.193682153224945064E+01    0.144398180246353149E+03    0.411679455041885323E+01
    0.409181653434288128E-07    0.839720535278320312E+02    0.152697495222091684E+01    0.800804293155670166E+02    0.409398987293243355E+01
    0.648352854548126861E-07    0.830315017700195312E+02    0.178341934680938730E+01    0.149276802539825439E+03    0.423687306642532313E+01
    0.654007921638572442E-07    0.829941329956054688E+02    0.733716142177581743E+00    0.656764304637908936E+02    0.454808446168899483E+01
    0.765542454922511728E-07    0.826592025756835938E+02    0.444482064247131325E+00    0.128384474515914917E+03    0.482352643013000471E+01
    0.100852147309918780E-06    0.820878906250000000E+02    0.178065334558486943E+01    0.101648066043853760E+03    0.454547709226608276E+01
    0.105676242552630477E-06    0.819744415283203125E+02    0.124984310865402226E+01    0.158485350608825684E+03    0.459748954772949148E+01
    0.127511491522798202E-06    0.815787887573242188E+02    0.846042120456695690E+00    0.157856462001800537E+03    0.462636462450027430E+01
    0.154919706496867944E-06    0.811693878173828125E+02    0.164220855236053476E+01    0.139036951065063477E+03    0.454253410100936872E+01
    0.230612787500096454E-06    0.803537216186523438E+02    0.195910242795944223E+01    0.121171072721481323E+03    0.405758633613586372E+01
    0.238367072344075003E-06    0.802675781250000000E+02    0.152058678865432739E+01    0.816669261455535889E+02    0.456597731113433802E+01
    0.282184437478316598E-06    0.799100799560546875E+02    0.698793673515319846E+00    0.151410136222839355E+03    0.469579303264617920E+01
    0.431250314827283396E-06    0.790418243408203125E+02    0.132743641138076773E+01    0.158116177320480347E+03    0.450173777341842651E+01
    0.502787466851483084E-06    0.787148666381835938E+02    0.191741070747375497E+01    0.103627768754959106E+03    0.450223703384399343E+01
    0.533419910001024975E-06    0.785765838623046875E+02    0.121281038522720341E+01    0.969634926319122314E+02    0.427746353149414027E+01
    0.764976979974070325E-06    0.778355102539062500E+02    0.162708947658538827E+01    0.127235231399536133E+03    0.420309851169586146E+01
    0.758924169265096065E-06    0.778313980102539062E+02    0.322063512000188790E+00    0.150736666882885402E+03    0.498092999522801527E+01
    0.804170333546687688E-06    0.776955795288085938E+02    0.692235287319839077E+00    0.637224182208443608E+02    0.489169756330157313E+01
    0.102840655239470065E-05    0.771836700439453125E+02    0.118506915569305415E+01    0.108973792791366577E+03    0.432352474927902186E+01
    0.129721173435595972E-05    0.766992568969726562E+02    0.184453228704573546E+01    0.841624307207637230E+02    0.403826292312988144E+01
    0.168292004097409707E-05    0.761586303710937500E+02    0.195879483222961426E+01    0.147638854980468750E+03    0.430118637084960920E+01
    0.172260301233731324E-05    0.760920181274414062E+02    0.190226266384124765E+01    0.103802863359451294E+03    0.402293751239776576E+01
    0.181311644663487216E-05    0.759695968627929688E+02    0.956874215602874889E+00    0.109903392791748047E+03    0.474657381772994924E+01
    0.221915224846743076E-05    0.755454406738281250E+02    0.167449644804000863E+01    0.651618337631225586E+02    0.449821983575820905E+01
    0.230551684564399767E-05    0.754490814208984375E+02    0.136456977128982548E+01    0.149292728900909424E+03    0.447862868309020978E+01
    0.233865033572201183E-05    0.754005432128906250E+02    0.990342175960540860E+00    0.138185725212097168E+03    0.471404244899749703E+01
    0.270166174192587936E-05    0.750919570922851562E+02    0.196035273119978770E+01    0.117920128578528605E+03    0.444127979442441578E+01
    0.269147350469859847E-05    0.750795135498046875E+02    0.105754212516718527E+01    0.882932981833670993E+02    0.471850674697636752E+01
    0.343125797215896022E-05    0.745738372802734375E+02    0.199660174846649174E+01    0.127606723308563232E+03    0.443381490707397408E+01
    0.343237806778270261E-05    0.745531845092773438E+02    0.181339409389071138E+01    0.642785121838335556E+02    0.444885237993534499E+01
    0.406394837637639381E-05    0.741953811645507812E+02    0.982978653907775834E+00    0.108585706949234009E+03    0.443079681396484304E+01
    0.462850770321013735E-05    0.739152221679687500E+02    0.491712760925292980E+00    0.136958829164505005E+03    0.481665285825729317E+01
    0.568286729518821484E-05    0.734847793579101562E+02    0.105422692298889165E+01    0.675180113315582275E+02    0.469505636692047101E+01
    0.574758673567214318E-05    0.734421310424804688E+02    0.131616419217582714E+01    0.911920057775535184E+02    0.425736264373934858E+01
    0.603926138076778033E-05    0.733231277465820312E+02    0.129333938402730753E+01    0.140508526686981781E+03    0.457825973688477639E+01
    0.640637382382533344E-05    0.731851043701171875E+02    0.698692393302917436E+00    0.667281544208526611E+02    0.488688894510269112E+01
    0.651939847498821976E-05    0.731301269531250000E+02    0.176468132734298710E+01    0.653929865360260010E+02    0.444746091365814156E+01
    0.719080334031204830E-05    0.729140853881835938E+02    0.696490192413330100E+00    0.136588404178619385E+03    0.488558108806610036E+01
    0.781184509000468598E-05    0.727284088134765625E+02    0.111066414117813106E+01    0.146430144309997559E+03    0.460146051645278931E+01
    0.777562004417877393E-05    0.727177047729492188E+02    0.142598512369812314E+01    0.711822112636940432E+02    0.422039364778438841E+01
    0.835015905651859828E-05    0.725551300048828125E+02    0.188053805828094478E+01    0.672668373584747314E+02    0.442374491691589355E+01
    0.858407516068208535E-05    0.724798736572265625E+02    0.976278631598556101E+00    0.119107368127513382E+03    0.473616352029761956E+01
    0.859077622464142515E-05    0.724583129882812500E+02    0.309190690517425537E+00    0.611675715446472168E+02    0.515691890716552681E+01
    0.851743971242280245E-05    0.724554595947265625E+02    0.922906908779034474E+00    0.863282091204972346E+02    0.446321491305441498E+01
    0.866975916269609366E-05    0.724000091552734375E+02    0.635589778423309326E+00    0.126073805093765259E+03    0.469759581089019740E+01
    0.900988222294598589E-05    0.723030471801757812E+02    0.177925649866632418E+01    0.784499125412018401E+02    0.408043462671644708E+01
    0.990998460042242976E-05    0.720926055908203125E+02    0.550413227081298917E+00    0.134483257532119751E+03    0.499666465520858694E+01
    0.114152265773089931E-04    0.717897949218750000E+02    0.155917090177536011E+01    0.102327743768692017E+03    0.416090044975280726E+01
    0.116333828029358871E-04    0.717319335937500000E+02    0.122269185781478873E+01    0.148403648138046265E+03    0.449864341020584035E+01
    0.119548486532363379E-04    0.716574172973632812E+02    0.153806588649749765E+01    0.123158077001571655E+03    0.425205574035644496E+01
    0.125839710774648806E-04    0.715348434448242188E+02    0.159416418780408842E+01    0.895751279399622575E+02    0.413450477198074307E+01
    0.134211705530459911E-04    0.713860244750976562E+02    0.166812072992324834E+01    0.147299352884292603E+03    0.441207525730133021E+01
    0.137877774816619625E-04    0.713121261596679688E+02    0.802505379317887124E+00    0.609751059956431334E+02    0.478389892166388364E+01
    0.145264847742803389E-04    0.711877441406250000E+02    0.171541719436645512E+01    0.147006813287734985E+03    0.436070750951766950E+01
    0.185055669492024694E-04    0.706835479736328125E+02    0.392599987983703658E+00    0.125311431884765625E+03    0.511463063955307007E+01
    0.189331839383588678E-04    0.706178588867187500E+02    0.283176267147064231E+00    0.127638766765594482E+03    0.500567353963851858E+01
    0.207997117031253735E-04    0.704098129272460938E+02    0.327571282834427768E+00    0.136941053516963450E+03    0.498023156329091599E+01
    0.215844758030332903E-04    0.703157424926757812E+02    0.192554888848691519E+01    0.142087254105527052E+03    0.431776290298179077E+01
    0.232144786165828101E-04    0.701501388549804688E+02    0.978112804889678999E+00    0.121674183607101440E+03    0.446160242557525599E+01
    0.251546644287670375E-04    0.699696044921875000E+02    0.188464623689651489E+01    0.115848777294158936E+03    0.446023390293121302E+01
    0.258402012261152960E-04    0.698958282470703125E+02    0.660444736480712891E+00    0.997027671337127686E+02    0.492490533590316737E+01
    0.296745227447932673E-04    0.695991134643554688E+02    0.687443315982818604E+00    0.123696473836898804E+03    0.489894529581069893E+01
    0.294355708436998399E-04    0.695952835083007812E+02    0.552599763870239347E+00    0.144433752298355103E+03    0.482131943702697718E+01
    0.291460173262435030E-04    0.695950546264648438E+02    0.144039431810379037E+01    0.146136907339096069E+03    0.441307369470596278E+01
    0.341312896062259726E-04    0.692592620849609375E+02    0.189601129036503302E+01    0.660299445552271749E+02    0.407294642373699745E+01
    0.424664738288635656E-04    0.688022613525390625E+02    0.172925599813461295E+01    0.731144583225250244E+02    0.414593907594680733E+01
    0.431094893020818063E-04    0.687522048950195312E+02    0.133648908734523886E+01    0.120544148509688569E+03    0.458374141979547822E+01
    0.433035742248353333E-04    0.687232208251953125E+02    0.136512477397918697E+01    0.100966844558715820E+03    0.427948769330978340E+01
    0.451987184851975287E-04    0.686175537109375000E+02    0.159467397937898370E+01    0.939518867130101398E+02    0.416300629467728900E+01
    0.454509034894917585E-04    0.685864257812500000E+02    0.470132006530637747E+00    0.106256605484129295E+03    0.481704833437696056E+01
    0.452121898980667743E-04    0.685769577026367188E+02    0.323828470706939708E+00    0.110619518756866455E+03    0.518345197439193672E+01
    0.464259296835564742E-04    0.685039749145507812E+02    0.186692032820467402E+01    0.126286401681843159E+03    0.420202489118665135E+01
    0.479481953018657601E-04    0.684194488525390625E+02    0.388318230687658139E+00    0.150916961324006081E+03    0.503002517824466366E+01
    0.598006876247324869E-04    0.679576568603515625E+02    0.143269155025482187E+01    0.872774338722229004E+02    0.455522773265838588E+01
    0.593003683598428366E-04    0.679544601440429688E+02    0.157871776438946876E+01    0.642283821996045674E+02    0.422390452823515172E+01
    0.588787565271158290E-04    0.679487304687500000E+02    0.186435264348983765E+01    0.786523616313934326E+02    0.410988551378250122E+01
    0.609435655757583416E-04    0.678597946166992188E+02    0.156146631641289724E+01    0.816960809485005512E+02    0.419456035262398785E+01
    0.605552992694993378E-04    0.678525772094726562E+02    0.142912160407952293E+01    0.693233261476317182E+02    0.426000948086957365E+01
    0.767369359962316035E-04    0.673589248657226562E+02    0.753052186965942338E+00    0.670030927658081055E+02    0.479175058603286708E+01
    0.761393461755209853E-04    0.673545608520507812E+02    0.306544530391693160E+00    0.763450360298156738E+02    0.516567419767379743E+01
    0.958613173053706271E-04    0.668738861083984375E+02    0.157914649248123173E+01    0.605088865756988525E+02    0.442465515136718679E+01
    0.101421580851734566E-03    0.667411193847656250E+02    0.526278173923492520E+00    0.646847224235534668E+02    0.497174861431121773E+01
    0.104181238290466255E-03    0.666674270629882812E+02    0.444555556774139382E+00    0.633777892589569092E+02    0.500548061132430977E+01
    0.105386601422686348E-03    0.666244201660156250E+02    0.438457500934600841E+00    0.143947783708572388E+03    0.496317907571792549E+01
    0.144625391116076109E-03    0.659713973999023438E+02    0.980780232350161540E+00    0.136336947469844603E+03    0.463119214742947172E+01
    0.147895087190673944E-03    0.659066848754882812E+02    0.153392171034338798E+01    0.726600877075032940E+02    0.449485243658557643E+01
    0.148077179480203091E-03    0.658842239379882812E+02    0.190866198539733878E+01    0.131443325281143188E+03    0.430539733171463013E+01
    0.155201051563570437E-03    0.657702484130859375E+02    0.166321406142015693E+01    0.867140263019936413E+02    0.444214827555510272E+01
    0.164952819999673444E-03    0.656283721923828125E+02    0.978830731931755516E+00    0.106015773913586031E+03    0.468595748359035369E+01
    0.174533261654778943E-03    0.654954605102539062E+02    0.195331378709385528E+01    0.806532556467502673E+02    0.410308647388493242E+01
    0.189139627643463142E-03    0.653147201538085938E+02    0.922901541728579966E+00    0.985189223081201533E+02    0.472187471459579733E+01
    0.191367364493473313E-03    0.652713012695312500E+02    0.120808444023132333E+01    0.128970298767089844E+03    0.457926917076110840E+01
    0.196196853247503214E-03    0.652014541625976562E+02    0.181452271909918128E+01    0.122650922439943656E+03    0.437895942212029254E+01
    0.202606015705693776E-03    0.651171646118164062E+02    0.155341445207595830E+01    0.125952247381210327E+03    0.445856630802154541E+01
    0.211359181602948412E-03    0.650125732421875000E+02    0.244182565585289557E+00    0.932672522115213951E+02    0.504500120316392309E+01
    0.212207917519272076E-03    0.649845581054687500E+02    0.524615204334259122E+00    0.849700009822845459E+02    0.498947674036026001E+01
    0.222656459701358635E-03    0.648684310913085938E+02    0.138509699099711092E+01    0.119162267699099061E+03    0.452956411412258486E+01
    0.246257647441240483E-03    0.646469345092773438E+02    0.120318973064422607E+01    0.125122205018997192E+03    0.443599269390106166E+01
    0.246985401683581709E-03    0.646210327148437500E+02    0.678359526791998957E+00    0.132005274399533050E+03    0.475544614150198441E+01
    0.267012680913646279E-03    0.644450988769531250E+02    0.174245850620304998E+01    0.798032246727215693E+02    0.417959124625280154E+01
    0.295480069581679431E-03    0.642224884033203125E+02    0.142502344072036768E+01    0.992172990204107919E+02    0.427252002417135390E+01
    0.312628400860851473E-03    0.640896606445312500E+02    0.174010210125288300E+01    0.117757227460740111E+03    0.421412476371709577E+01
    0.337636979012157304E-03    0.639157485961914062E+02    0.192884710758403366E+01    0.106303670785621279E+03    0.419140035743413453E+01
    0.365979741642175462E-03    0.637345352172851562E+02    0.134820711612701416E+01    0.118302402496337891E+03    0.440938410758972132E+01
    0.407376113674255593E-03    0.635002174377441406E+02    0.160396121869833674E+01    0.694020806600659910E+02    0.430583320269100334E+01
    0.445333585829237781E-03    0.633020439147949219E+02    0.148542104049325130E+01    0.743754677066477541E+02    0.443706444899930474E+01
    0.452836135369834563E-03    0.632486305236816406E+02    0.178626482675034959E+01    0.618692684001957929E+02    0.427879262119839510E+01
    0.479047256377527358E-03    0.631160926818847656E+02    0.955542981624603271E+00    0.108754930496215820E+03    0.469811209440231270E+01
    0.475574212666583817E-03    0.631106452941894531E+02    0.175779650304793278E+01    0.833746231023108777E+02    0.418181423868528057E+01
    0.470905038594639615E-03    0.631103782653808594E+02    0.142090806961059579E+01    0.761455929279327393E+02    0.429575183391570992E+01
    0.494454084027947868E-03    0.629927825927734375E+02    0.419741797447204634E+00    0.750825738906860352E+02    0.488744144439697248E+01
    0.493284257598424879E-03    0.629775199890136719E+02    0.121395891996185989E+01    0.733723110882559553E+02    0.455580237512639741E+01
    0.504310421847543986E-03    0.629133071899414062E+02    0.796066665649414196E+00    0.811008846759796143E+02    0.462236586809158290E+01
    0.501108016320903397E-03    0.629060478210449219E+02    0.152029826226070952E+01    0.820456474778402480E+02    0.424998881430014830E+01
    0.516995288438077370E-03    0.628236236572265625E+02    0.137722155591303208E+01    0.781271963306795385E+02    0.431450581926453935E+01
    0.572926860461234785E-03    0.625981750488281250E+02    0.151541774272918706E+01    0.119777134656906128E+03    0.438475362062454188E+01
    0.567418753490109154E-03    0.625974960327148438E+02    0.986434747305133586E+00    0.120497201858118743E+03    0.466615704782138074E+01
    0.562801348216484978E-03    0.625938377380371094E+02    0.179397244453430171E+01    0.102577093839645386E+03    0.435025833845138532E+01
    0.566648962922839446E-03    0.625602111816406250E+02    0.119252720479902585E+01    0.798970010923709424E+02    0.438639565452258573E+01
    0.622125090762197844E-03    0.623534088134765625E+02    0.183072701232448831E+01    0.129818352912896387E+03    0.436540940337621652E+01
    0.632160973727781883E-03    0.623014030456542969E+02    0.134992533556071570E+01    0.684082359284766568E+02    0.448822851178369575E+01
    0.633602426457996123E-03    0.622768478393554688E+02    0.831570959091186612E+00    0.854601240158081055E+02    0.474727718830108625E+01
    0.647506889584324231E-03    0.622134323120117188E+02    0.133201579366641765E+01    0.732743128214408159E+02    0.430853596721298793E+01
    0.646340993495846269E-03    0.621970367431640625E+02    0.157002884986211222E+01    0.112295640969472871E+03    0.429726299905108799E+01
    0.645076297218654705E-03    0.621809539794921875E+02    0.136934803491527024E+01    0.116037518916938922E+03    0.446592839739273728E+01
    0.656672471270091707E-03    0.621253204345703125E+02    0.166055487560109993E+01    0.898131510135098665E+02    0.424462507569799818E+01
    0.663602714104996713E-03    0.620843238830566406E+02    0.149420350790023804E+01    0.104398248195648193E+03    0.442763535976409894E+01
    0.659215254078294750E-03    0.620775909423828125E+02    0.581044961864635834E+00    0.825499789735935394E+02    0.475431546593451149E+01
    0.676602363124809733E-03    0.620055236816406250E+02    0.124095266982401342E+01    0.690388726258642293E+02    0.452575265884588340E+01
    0.719318435940713473E-03    0.618630828857421875E+02    0.148281973247107746E+01    0.659167777963950812E+02    0.436661597429630088E+01
    0.735224535172452503E-03    0.617993392944335938E+02    0.690189096232326604E+00    0.134605594632553647E+03    0.484187765122044667E+01
    0.755418549733482148E-03    0.617251472473144531E+02    0.809113037586212114E+00    0.122463086843490601E+03    0.463282513618469238E+01
    0.798578490858700783E-03    0.615940246582031250E+02    0.997863010646728332E+00    0.115328569446657127E+03    0.454850248710728877E+01
    0.803637840783885172E-03    0.615613937377929688E+02    0.114024709639551425E+01    0.701246286908070005E+02    0.454445834799287773E+01
    0.799953936741056959E-03    0.615505828857421875E+02    0.442809456297509119E+00    0.141142246085968139E+03    0.495468774040923421E+01
    0.808305344807830556E-03    0.615098114013671875E+02    0.108625923360280363E+01    0.116757049359844515E+03    0.458931491579933404E+01
    0.805956284942883666E-03    0.614956321716308594E+02    0.582642790030208579E+00    0.134857808611250903E+03    0.492629860773111350E+01
    0.835304504513285245E-03    0.614040985107421875E+02    0.102737138216298574E+01    0.121697110535268720E+03    0.462095491296696181E+01
    0.839638296887164131E-03    0.613737487792968750E+02    0.633736628097321786E+00    0.893265297312473336E+02    0.488636578847147618E+01
    0.840192785177005901E-03    0.613524284362792969E+02    0.418846076079121277E+00    0.115965586044426857E+03    0.505004596054421917E+01
    0.871631842001205294E-03    0.612589569091796875E+02    0.146535184383392325E+01    0.743937349319458008E+02    0.433421816825866646E+01
    0.887522408770420363E-03    0.612028236389160156E+02    0.157437986684684894E+01    0.107074238668130079E+03    0.432029904582625157E+01
    0.882825673038052975E-03    0.611934356689453125E+02    0.107005479269103154E+01    0.769835886665026550E+02    0.463016392962486201E+01
    0.876707831163874062E-03    0.611873435974121094E+02    0.144172851876652586E+01    0.715341913693818583E+02    0.442379937417401425E+01
    0.878398569392596401E-03    0.611634902954101562E+02    0.147525647825549178E+01    0.755859696254896392E+02    0.430322117789694936E+01
    0.880992781145985824E-03    0.611375923156738281E+02    0.197455831990261932E+01    0.108648121277397507E+03    0.425630907302180805E+01
    0.883407603437252539E-03    0.611121177673339844E+02    0.267858283832614452E+00    0.776581412735605028E+02    0.510607736629317266E+01
    0.876116878702669680E-03    0.611086921691894531E+02    0.804991902399059933E+00    0.114049237591344365E+03    0.476584909278108793E+01
    0.878813298305850389E-03    0.610825462341308594E+02    0.105296349525451660E+01    0.110237822532653809E+03    0.455929641723632795E+01
    0.870518807367351498E-03    0.610815124511718750E+02    0.155304541957087650E+01    0.777370838257906200E+02    0.445095477902956738E+01
    0.890257259238780600E-03    0.610166702270507812E+02    0.111311802143189431E+01    0.832704460946524563E+02    0.443995124739553315E+01
    0.936699500597014075E-03    0.608949661254882812E+02    0.678454960083317848E+00    0.903612952769702815E+02    0.470719587806653106E+01
    0.946886591093777197E-03    0.608533325195312500E+02    0.847317287396042174E+00    0.120958656443967186E+03    0.465630345114011845E+01
    0.946823598414775697E-03    0.608334655761718750E+02    0.965578446212788988E+00    0.845076195297755675E+02    0.453963946317351308E+01
    0.938882350513850191E-03    0.608303108215332031E+02    0.194258397219166512E+01    0.763673887376689606E+02    0.424005969428879137E+01
    0.957431408875423985E-03    0.607711830139160156E+02    0.111665040932578030E+01    0.706543303924533745E+02    0.453833947017610662E+01
    0.953911806846613930E-03    0.607585487365722656E+02    0.181099308560739525E+01    0.990058165126928458E+02    0.418510487372485240E+01
    0.996473983280180475E-03    0.606512451171875000E+02    0.123511047988464373E+01    0.116673954732335815E+03    0.441670238110820534E+01
    0.992606365643675971E-03    0.606390228271484375E+02    0.149106231927871713E+01    0.759796476364135742E+02    0.436668319702148366E+01
    0.107077725380635654E-02    0.604674110412597656E+02    0.169661742145909211E+01    0.909930290494667702E+02    0.439557666128028934E+01
    0.107248830773635628E-02    0.604442176818847656E+02    0.102163069469337175E+01    0.104850197435465077E+03    0.464415545068266944E+01
    0.107622419028762439E-02    0.604172630310058594E+02    0.139870307757305756E+01    0.668860235361159994E+02    0.442837483904736473E+01
    0.117362638359281993E-02    0.602239837646484375E+02    0.102779727632149243E+01    0.728771724165070793E+02    0.454785167773439802E+01
    0.116788774539981267E-02    0.602137870788574219E+02    0.153204742409339012E+01    0.110533013835822018E+03    0.436610072467404198E+01
    0.115933443630475636E-02    0.602084884643554688E+02    0.149034595489501953E+01    0.820612466335296631E+02    0.431290901899337786E+01
    0.119511200376747040E-02    0.601277008056640625E+02    0.350024793399068224E+00    0.819121580461255832E+02    0.510215878598626738E+01
    0.120572458043111943E-02    0.600900192260742188E+02    0.416195937383827652E+00    0.807686392950805754E+02    0.504523790722888421E+01
    0.123627339264351490E-02    0.600199775695800781E+02    0.163220457743433367E+01    0.688147972659103573E+02    0.437347403720709949E+01
    0.122510971692117330E-02    0.600181198120117188E+02    0.134443831288381732E+01    0.715278273674991283E+02    0.443767807502684875E+01
    0.126353153763228356E-02    0.599363594055175781E+02    0.159109036922454838E+01    0.123237059116363525E+03    0.440425264835357666E+01
    0.126666146075469295E-02    0.599114112854003906E+02    0.611659811433329148E+00    0.125182442963470194E+03    0.482535126716263107E+01
    0.127471550007301516E-02    0.598787345886230469E+02    0.421738549247453132E+00    0.103939665066295561E+03    0.504236537502276860E+01
    0.132715168928120779E-02    0.597781105041503906E+02    0.193841511032040015E+01    0.710296891866149593E+02    0.421298480537949072E+01
    0.139818444478005460E-02    0.596538314819335938E+02    0.822867143004819113E+00    0.106394085040288900E+03    0.472350675157904654E+01
    0.139377015165359150E-02    0.596401557922363281E+02    0.899527348075660926E+00    0.108620345878709685E+03    0.459885558094625146E+01
    0.139464004063876270E-02    0.596189079284667969E+02    0.856790676001500051E+00    0.111039614287459699E+03    0.462918397431945561E+01
    0.139138558362805406E-02    0.596035804748535156E+02    0.135476950576308419E+01    0.100474007015170869E+03    0.435517792830600126E+01
    0.138869484195428537E-02    0.595874519348144531E+02    0.940559637406742199E+00    0.948296135815811283E+02    0.464445321059716854E+01
    0.141878014398989045E-02    0.595245857238769531E+02    0.771065959211034713E+00    0.127024506961812705E+03    0.475278909396216864E+01
    0.140497386519555507E-02    0.595241432189941406E+02    0.167331659793853760E+01    0.668502664566040039E+02    0.435247292518615669E+01
    0.145524077133329910E-02    0.594338378906250000E+02    0.126170319318771362E+01    0.798613822460174561E+02    0.438921250104904104E+01
    0.146570668237188599E-02    0.593995056152343750E+02    0.111292939891274556E+01    0.601092177911337657E+02    0.453707637531104702E+01
    0.145929675487114358E-02    0.593882713317871094E+02    0.421627497673034646E+00    0.761706447601318359E+02    0.499795941114425624E+01
    0.145794776974820313E-02    0.593701210021972656E+02    0.111372133028908538E+01    0.102546362630460521E+03    0.448428647251954615E+01
    0.149802100462046112E-02    0.592958908081054688E+02    0.965194675631436683E+00    0.119892437245507068E+03    0.457626014797269054E+01
    0.148610852354390537E-02    0.592918586730957031E+02    0.152939177060140641E+01    0.992885416259507849E+02    0.431911688494310120E+01
    0.148262930899255860E-02    0.592765464782714844E+02    0.114372640404425274E+01    0.686088709795331795E+02    0.447268061818897067E+01
    0.147530377268738659E-02    0.592664527893066406E+02    0.561153705039999506E+00    0.604287954307327553E+02    0.488803685096727847E+01
    0.147062636633018564E-02    0.592528038024902344E+02    0.137703784126157358E+01    0.120308153135684876E+03    0.445195691982996777E+01
    0.151873104389208262E-02    0.591684303283691406E+02    0.184293181394136885E+01    0.937833271512445492E+02    0.426196446905005111E+01
    0.150395787092094191E-02    0.591679801940917969E+02    0.804685902095025662E+00    0.805239076397787130E+02    0.470220964026312416E+01
    0.149498922184570257E-02    0.591599426269531250E+02    0.976642920913906920E+00    0.118878088535087713E+03    0.459805190743535519E+01
    0.149934724027736620E-02    0.591341209411621094E+02    0.723588567287993589E+00    0.655065281113845685E+02    0.467778040131818518E+01
    0.150435194959010004E-02    0.591074562072753906E+02    0.127240514001227689E+01    0.117648056305654109E+03    0.447076288729000293E+01
    0.155357461816878597E-02    0.590230636596679688E+02    0.171476768372145472E+01    0.902430212733221566E+02    0.425200595356478850E+01
    0.155525305573720385E-02    0.590009040832519531E+02    0.751829166291088091E+00    0.126600937494114021E+03    0.476237795108385242E+01
    0.154435462351386094E-02    0.589949684143066406E+02    0.860937714576721191E+00    0.705621218681335449E+02    0.463584172725677490E+01
    0.155296538347549713E-02    0.589638481140136719E+02    0.161864558662456126E+01    0.863727055464914457E+02    0.427729082657922088E+01
    0.156745213291758167E-02    0.589252777099609375E+02    0.876008202047543927E+00    0.972964588788941569E+02    0.458090381196215990E+01
    0.157034917360677801E-02    0.589015846252441406E+02    0.154455130814227926E+01    0.925805780916524981E+02    0.436555061508787645E+01
    0.155601739065511506E-02    0.588999214172363281E+02    0.872708971316169979E+00    0.107135524387192746E+03    0.460582549119009155E+01
    0.159209145481019202E-02    0.588340835571289062E+02    0.185715715075911247E+01    0.800454597574265563E+02    0.429913313919013085E+01
    0.159400607381069955E-02    0.588116798400878906E+02    0.104223251342773438E+01    0.987866854667663574E+02    0.457951700687408447E+01
    0.158109506343260663E-02    0.588079452514648438E+02    0.148140684665753586E+01    0.926428559731054975E+02    0.438951789030905104E+01
    0.158413213218942632E-02    0.587841072082519531E+02    0.162744317850296238E+01    0.105747854214025608E+03    0.427109886261046068E+01
    0.165082592019856868E-02    0.586816291809082031E+02    0.779197958605676089E+00    0.116181399230281315E+03    0.469160655385816039E+01
    0.164829982617999572E-02    0.586646919250488281E+02    0.129629187447179395E+01    0.903102890826452551E+02    0.444184927340033209E+01
    0.163738947365299264E-02    0.586579742431640625E+02    0.127094153246159713E+01    0.104482689731307431E+03    0.446870998276662945E+01
    0.163121471382569254E-02    0.586455307006835938E+02    0.173381296958065256E+01    0.935565482346625288E+02    0.434375543429742805E+01
    0.163170052155233738E-02    0.586249351501464844E+02    0.415041568699091201E+00    0.129078131987603967E+03    0.504552869165151563E+01
    0.163232034484324189E-02    0.586041755676269531E+02    0.108334625971327103E+01    0.658280460596395471E+02    0.454629945423644077E+01
    0.163595498807373027E-02    0.585797271728515625E+02    0.970804919433578384E+00    0.930558246709465209E+02    0.455697510821114626E+01
    0.167914249414450657E-02    0.585076141357421875E+02    0.197236316204071049E+01    0.829017913341522217E+02    0.426208642721176112E+01
    0.168979672376149727E-02    0.584749641418457031E+02    0.988868463039398238E+00    0.113892010450363159E+03    0.452616089582443237E+01
    0.181687197441475685E-02    0.583099479675292969E+02    0.898519893182900597E+00    0.839026653256446622E+02    0.462952181157606812E+01
    0.180484925913318244E-02    0.583032264709472656E+02    0.481634749502884818E+00    0.103325426460834791E+03    0.498674077401601945E+01
    0.180104630511925272E-02    0.582874450683593750E+02    0.142673827149831567E+01    0.102951221061340092E+03    0.436673226891731403E+01
    0.180389677068407400E-02    0.582642822265625000E+02    0.129864377269934939E+01    0.114322523617434513E+03    0.448382792729874780E+01
    0.180209174072744989E-02    0.582462844848632812E+02    0.193861732482910165E+01    0.778746998310089111E+02    0.419533239603042585E+01
    0.181881572129436397E-02    0.582078094482421875E+02    0.811164605617523238E+00    0.103806737661361694E+03    0.471830856800079346E+01
    0.180264604286258607E-02    0.582056694030761719E+02    0.190368548502769785E+01    0.817867323118089047E+02    0.428516190564523303E+01
    0.179747241427847203E-02    0.581914176940917969E+02    0.167083111464057255E+01    0.109828805005291855E+03    0.425250594709409402E+01
    0.180895680762543963E-02    0.581586799621582031E+02    0.173112724230333503E+01    0.108526299332123202E+03    0.428206403109588685E+01
    0.181669552439407472E-02    0.581301422119140625E+02    0.722467790599491400E+00    0.715204505797323975E+02    0.473745915635076464E+01
    0.180107364970356811E-02    0.581274147033691406E+02    0.175558551770511784E+01    0.889993199603318033E+02    0.429375732767699780E+01
    0.180536983668170030E-02    0.581026496887207031E+02    0.180008517364708087E+01    0.831551409679036340E+02    0.423017150721974744E+01
    0.181835383250882878E-02    0.580683174133300781E+02    0.188375928335078369E+01    0.818466451777457280E+02    0.421967086370883138E+01
    0.181295875852573152E-02    0.580542602539062500E+02    0.129838186502456665E+01    0.874189352989196777E+02    0.441082839965820295E+01
    0.190955247017717466E-02    0.579304428100585938E+02    0.314818781524615843E+00    0.869683900031040196E+02    0.509092881599577129E+01
    0.194974635371448807E-02    0.578687820434570312E+02    0.346682959986752970E+00    0.134914727621496922E+03    0.502128946534009568E+01
    0.194170098662575677E-02    0.578570518493652344E+02    0.178274345795514022E+01    0.978504146986021794E+02    0.429049711004053069E+01
    0.195016752132227272E-02    0.578283500671386719E+02    0.194790957634481599E+01    0.873400247651753432E+02    0.420978248117056797E+01
    0.202339912664953846E-02    0.577346229553222656E+02    0.115941942258711950E+01    0.875364125516240392E+02    0.445506900796784144E+01
    0.200336913662244433E-02    0.577345199584960938E+02    0.798112445416677030E+00    0.786549572752397665E+02    0.469797675505374279E+01
    0.199408673091360997E-02    0.577238082885742188E+02    0.159059201478958134E+01    0.112663648128509521E+03    0.435725507736206019E+01
    0.198308771964248679E-02    0.577148704528808594E+02    0.191679173938877945E+01    0.953714038061068692E+02    0.420408020090985257E+01
    0.214085406090148934E-02    0.575417709350585938E+02    0.729905652442621511E+00    0.108880177533364332E+03    0.477491489598553809E+01
    0.219373965068888569E-02    0.574729652404785156E+02    0.448173250774397625E+00    0.803958570497029683E+02    0.497636905329478019E+01
    0.217576345657368147E-02    0.574694213867187500E+02    0.757636941732701130E+00    0.810767255563729918E+02    0.474828723469516412E+01
    0.221926111734512856E-02    0.574098320007324219E+02    0.100426284074783334E+01    0.108362976312637329E+03    0.451606512069702148E+01
    0.221022588478283263E-02    0.573979911804199219E+02    0.631208513479221356E+00    0.122368210575084959E+03    0.485147777662555946E+01
    0.221255888733700497E-02    0.573758811950683594E+02    0.105894008009536589E+01    0.108083137672360309E+03    0.451825977694723413E+01
    0.219610333735683564E-02    0.573708114624023438E+02    0.145721980925172212E+01    0.943067890045200130E+02    0.439775521452466389E+01
    0.219474292276852171E-02    0.573520507812500000E+02    0.119413056297979936E+01    0.926767400861863706E+02    0.453591392866525212E+01
    0.218622029020274248E-02    0.573398323059082031E+02    0.176146219355082079E+01    0.872206970044618117E+02    0.426563808310379233E+01
    0.217908112107237460E-02    0.573263740539550781E+02    0.179499741743236374E+01    0.797714931466568515E+02    0.423416818950644380E+01
    0.216017001549925584E-02    0.573238067626953125E+02    0.692715632783016177E+00    0.900241063076995687E+02    0.480218815255102527E+01
    0.215213462651247297E-02    0.573112602233886719E+02    0.983651574462424794E+00    0.896980324114285139E+02    0.458210836163114354E+01
    0.215730936302000907E-02    0.572864570617675781E+02    0.157994172826998880E+01    0.938962465407772129E+02    0.435141594528456288E+01
    0.213790611338864241E-02    0.572845268249511719E+02    0.156454230610062361E+01    0.967846193649001520E+02    0.441015497461679473E+01
    0.212542048815539094E-02    0.572762413024902344E+02    0.113823904464481651E+01    0.801359679571840360E+02    0.453936257949052369E+01
    0.216762640328032902E-02    0.572169151306152344E+02    0.157482879336373838E+01    0.924851431519775815E+02    0.437953815094428833E+01
    0.222238957440731117E-02    0.571470146179199219E+02    0.154790741479970517E+01    0.106510581622369500E+03    0.440268469728373724E+01
    0.223903457262627711E-02    0.571120910644531250E+02    0.385724323178593398E+00    0.127294911278470238E+03    0.498743200078053039E+01
    0.223267237697948777E-02    0.570977821350097656E+02    0.143052560730175293E+01    0.996542754410918121E+02    0.439698998488337534E+01
    0.231073598004222528E-02    0.570090484619140625E+02    0.650563465294319743E+00    0.753320908960228905E+02    0.482738451480889541E+01
    0.234710293026641750E-02    0.569578170776367188E+02    0.185231423493264558E+01    0.936103450229361300E+02    0.431497396040528081E+01
    0.233271917784241964E-02    0.569501113891601562E+02    0.303665513208018878E+00    0.119024221349096393E+03    0.514493238447745860E+01
    0.233185670534453776E-02    0.569308509826660156E+02    0.975392204537062213E+00    0.111907643811522817E+03    0.456653049728138427E+01
    0.231001539778667806E-02    0.569296722412109375E+02    0.192224170070356637E+01    0.102889845724647799E+03    0.419311919149442325E+01
    0.232148228162462915E-02    0.568997688293457031E+02    0.746267665554729787E+00    0.106649852547850543E+03    0.478819569254890265E+01
    0.234984698619700562E-02    0.568554801940917969E+02    0.126246707448235762E+01    0.860126587898244281E+02    0.451675761599699221E+01
    0.235436521352031880E-02    0.568316383361816406E+02    0.741499759421500038E+00    0.915295782054742659E+02    0.472532358058696822E+01
    0.234107085147670924E-02    0.568229637145996094E+02    0.406817340668842675E+00    0.104345866128681109E+03    0.504257737206953571E+01
    0.232126745101925115E-02    0.568199539184570312E+02    0.404244607233262165E+00    0.876065316016195084E+02    0.498338049792265547E+01
    0.230848578712150934E-02    0.568109970092773438E+02    0.120743630877600339E+01    0.118264920954515361E+03    0.447205832311471507E+01
    0.228591705831160223E-02    0.568106460571289062E+02    0.636380027310649465E+00    0.136092445607902448E+03    0.482668034935785251E+01
    0.228502830601406059E-02    0.567914237976074219E+02    0.374567409442687849E+00    0.100291236842561716E+03    0.500605676618738649E+01
    0.227661097184999510E-02    0.567788047790527344E+02    0.291739672996750077E+00    0.128433615206832599E+03    0.509777742473060513E+01
    0.225415178128813296E-02    0.567786331176757812E+02    0.178286314613023866E+01    0.106368003785789739E+03    0.428586889904552404E+01
    0.225340861433206150E-02    0.567592926025390625E+02    0.181299962531225289E+01    0.111772860993430314E+03    0.426284267604343015E+01
    0.225210290563534294E-02    0.567404518127441406E+02    0.123100140729266716E+01    0.104260824066071024E+03    0.444982558868771871E+01
    0.223251549991831163E-02    0.567379226684570312E+02    0.297420473556465670E+00    0.103231940606327655E+03    0.504077313923284720E+01
    0.227006614372295265E-02    0.566845626831054688E+02    0.686224220306034138E+00    0.945904474820678161E+02    0.483458162177285811E+01
    0.224859343316160913E-02    0.566835708618164062E+02    0.166063194998963626E+01    0.891331801105651920E+02    0.430683482259799799E+01
    0.225364329930887982E-02    0.566590843200683594E+02    0.293635266211572987E+00    0.989507956579636243E+02    0.508458335225735691E+01
    0.224469499084467301E-02    0.566470413208007812E+02    0.291026607957719841E+00    0.128582644572159950E+03    0.505848429522460741E+01
    0.225173231647241272E-02    0.566207809448242188E+02    0.790563213277252874E+00    0.822518918854233050E+02    0.467189496476285360E+01
    0.227368267887779552E-02    0.565813789367675781E+02    0.258247138673276644E+00    0.130220479005278889E+03    0.514648487652528264E+01
    0.229534786852637939E-02    0.565424118041992188E+02    0.676932297436971586E+00    0.847633604257492550E+02    0.478554537574487160E+01
    0.228720223626555910E-02    0.565295219421386719E+02    0.181736265851316636E+01    0.943007968467451008E+02    0.422216201545882264E+01
    0.228243516821257731E-02    0.565136947631835938E+02    0.146534484615495830E+01    0.105594271629284378E+03    0.436264983566169473E+01
    0.226259689778047883E-02    0.565111541748046875E+02    0.124179722120891856E+01    0.977317243068047787E+02    0.444249965531999180E+01
    0.224986363497182073E-02    0.565024414062500000E+02    0.683709158214950263E+00    0.906459762096489925E+02    0.471454790216447428E+01
    0.229225731161013377E-02    0.564451065063476562E+02    0.253924446510840451E+00    0.942955598463856717E+02    0.506414100718486804E+01
    0.231323455091151644E-02    0.564068870544433594E+02    0.526996193482687891E+00    0.725160216356070322E+02    0.493299349932660114E+01
    0.230080428881794096E-02    0.563976631164550781E+02    0.686902848228692076E+00    0.829298574750242210E+02    0.473711320612275255E+01
    0.229584684289472042E-02    0.563819770812988281E+02    0.596156986640858921E+00    0.107927801116442566E+03    0.483829730964807414E+01
    0.230042357961904136E-02    0.563579940795898438E+02    0.394010421549951306E+00    0.108322801221170650E+03    0.496273230480315242E+01
    0.228045505667314255E-02    0.563554306030273438E+02    0.125424473282908200E+01    0.109558880127445022E+03    0.442135537985574167E+01
    0.228160852029405054E-02    0.563344192504882812E+02    0.507953406032882526E+00    0.131546168679004666E+03    0.493630617623492451E+01
    0.227196408516855148E-02    0.563228912353515625E+02    0.730736860762966955E+00    0.105464812638004972E+03    0.474466835550627675E+01
    0.230248883582163943E-02    0.562761993408203125E+02    0.531713066803791046E+00    0.847486846337666861E+02    0.491853811132110508E+01
    0.228600966745355714E-02    0.562705650329589844E+02    0.556724725669569098E+00    0.116739286476619370E+03    0.491273308080040572E+01
    0.226404497278625411E-02    0.562698745727539062E+02    0.779481601715087846E+00    0.109850088357925415E+03    0.475013239383697439E+01
    0.224858708567019861E-02    0.562635765075683594E+02    0.178432933500318502E+01    0.928671992953306642E+02    0.430491167021899734E+01
    0.225868038095133894E-02    0.562346191406250000E+02    0.433441774297758431E+00    0.108185345320034912E+03    0.492385415307693197E+01
    0.225125735742694568E-02    0.562212028503417969E+02    0.762256372059752829E+00    0.770703111453975254E+02    0.474144367588790949E+01
    0.225442472710835800E-02    0.561983909606933594E+02    0.121667015836066894E+01    0.950559532130773874E+02    0.443164727712060724E+01
    0.225333761189860319E-02    0.561793556213378906E+02    0.415874461106931714E+00    0.132230691580729513E+03    0.499642934716528142E+01
    0.228583456782854204E-02    0.561307182312011719E+02    0.658860846636213027E+00    0.948491013106660148E+02    0.481533260606797686E+01
    0.228528581158139515E-02    0.561111984252929688E+02    0.120708955755681102E+01    0.838002799362882342E+02    0.449612445713423270E+01
    0.228207177534563632E-02    0.560940132141113281E+02    0.166910607103299768E+01    0.913777888967781138E+02    0.436642897171807309E+01
    0.230227066903921631E-02    0.560563888549804688E+02    0.553502565918977396E+00    0.713142516309967078E+02    0.487540975999987047E+01
    0.229757298488512951E-02    0.560404739379882812E+02    0.164966837979436032E+01    0.888670173622558082E+02    0.431789896198093270E+01
    0.227854167780016043E-02    0.560371093750000000E+02    0.396722147994009400E+00    0.109072732162995166E+03    0.504060729145458986E+01
    0.228086848229796125E-02    0.560150680541992188E+02    0.310167183016490156E+00    0.125563288938072134E+03    0.510918973621905348E+01
    0.225902212457514216E-02    0.560143165588378906E+02    0.740881540655595972E+00    0.104633860047054711E+03    0.475885877125643120E+01
    0.227553781057399009E-02    0.559797477722167969E+02    0.674778686902561375E+00    0.897895530031476596E+02    0.477276536475434909E+01
    0.225301185459634906E-02    0.559796447753906250E+02    0.358329948996578329E+00    0.115248937962091247E+03    0.504882745881523576E+01
    0.224836321939274808E-02    0.559637756347656250E+02    0.154803917563572213E+01    0.998525196532533812E+02    0.433759165749650588E+01
    0.224686329016225966E-02    0.559451103210449219E+02    0.167838724526190597E+01    0.948611960541955739E+02    0.435709179322293316E+01
    0.227447244335489754E-02    0.559006843566894531E+02    0.590153827028608968E+00    0.947872312031401805E+02    0.487018509759294904E+01
    0.226742995682430171E-02    0.558868865966796875E+02    0.160660125377377461E+01    0.770885342354042393E+02    0.433199270354264243E+01
    0.227317672837594334E-02    0.558618240356445312E+02    0.405810627782248079E+00    0.778902551915391115E+02    0.498329450380955929E+01
    0.225770386172953561E-02    0.558554840087890625E+02    0.504682751760741732E+00    0.718212229552900965E+02    0.490063175264728468E+01
    0.225494147118797958E-02    0.558379325866699219E+02    0.163476516408387273E+01    0.798123459966927271E+02    0.429718631087281366E+01
    0.223356496338676484E-02    0.558369827270507812E+02    0.176234108441038506E+01    0.997062126833692162E+02    0.430191021681828900E+01
    0.224252981055797409E-02    0.558089714050292969E+02    0.820244333418026716E+00    0.872632059657683214E+02    0.469502567683461169E+01
    0.222296206536850942E-02    0.558064994812011719E+02    0.328660153825739765E+00    0.104587367050279937E+03    0.502496079304257925E+01
    0.220754886973056072E-02    0.558004150390625000E+02    0.182934805214691765E+01    0.899846771147890081E+02    0.427260146983456668E+01
    0.219793239753635029E-02    0.557891464233398438E+02    0.113409724359803610E+01    0.872859192962470871E+02    0.449896483995537100E+01
    0.220567697278842246E-02    0.557621116638183594E+02    0.110693600358598943E+01    0.102692984860345661E+03    0.449423485540413115E+01
    0.220144509860153905E-02    0.557459526062011719E+02    0.113347219383985909E+01    0.957404124775002003E+02    0.454403164538141713E+01
    0.219104432292815173E-02    0.557354240417480469E+02    0.219633526268656842E+00    0.916209770298308968E+02    0.514267852839619533E+01
    0.219912113035470366E-02    0.557080650329589844E+02    0.170010406805561698E+01    0.935935031506636790E+02    0.427239460075612332E+01
    0.217970348628671300E-02    0.557058029174804688E+02    0.230291737515781497E+00    0.110145222673922717E+03    0.513111831904246429E+01
    0.215885080168518951E-02    0.557050285339355469E+02    0.217363107502916403E+00    0.970300846453299499E+02    0.516888549369019934E+01
    0.215554321655647913E-02    0.556880950927734375E+02    0.269355383260230452E+00    0.133063806267776641E+03    0.514357018653099196E+01
    0.217373475056773088E-02    0.556512870788574219E+02    0.333749210834503152E+00    0.951948440074920654E+02    0.508385999202728200E+01
    0.220377606238561247E-02    0.556038360595703125E+02    0.481282824025074218E+00    0.100222641228330019E+03    0.496331618603261404E+01
    0.220391528237280903E-02    0.555837097167968750E+02    0.120681250798879036E+01    0.100866329037576250E+03    0.449934944523276137E+01
    0.218741553885615529E-02    0.555787391662597656E+02    0.298646480884507959E+00    0.108877227322666997E+03    0.511653237371233871E+01
    0.227758298398059774E-02    0.554779510498046875E+02    0.605565119521658701E+00    0.113141471404885039E+03    0.484199647041026360E+01
    0.228563873025412452E-02    0.554508895874023438E+02    0.520588804435618169E+00    0.135029075822326263E+03    0.493851966551258315E+01
    0.226439011947269413E-02    0.554495697021484375E+02    0.528909684018235016E+00    0.886152101952333879E+02    0.492512563571537942E+01
    0.227490144620149911E-02    0.554203071594238281E+02    0.545672628607130172E+00    0.129532723331216090E+03    0.491344949655847252E+01
    0.232599530317814098E-02    0.553558845520019531E+02    0.353622927142517307E+00    0.121921263493481433E+03    0.501889169244744604E+01
    0.232250251126909753E-02    0.553388900756835938E+02    0.508060414486792178E+00    0.769170001508807815E+02    0.493792612182886614E+01
    0.233099277332023081E-02    0.553115921020507812E+02    0.103660477595365297E+01    0.912718181491186584E+02    0.456436115862630132E+01
    0.231928532416286227E-02    0.553016624450683594E+02    0.193560377590514476E+01    0.104442193967614003E+03    0.425606391277273577E+01
    0.231605881084303829E-02    0.552844467163085938E+02    0.421744856613135322E+00    0.832883455014386129E+02    0.494821291389574114E+01
    0.229594580998335185E-02    0.552818908691406250E+02    0.743242020840904960E+00    0.895227082997664354E+02    0.472887708534717355E+01
    0.229173743641456189E-02    0.552655601501464844E+02    0.336360115565560613E+00    0.131097108728869358E+03    0.504721021654894919E+01
    0.226925453652226721E-02    0.552652778625488281E+02    0.655865946507794950E+00    0.894711779124137792E+02    0.475919737482635075E+01
    0.227152853078205859E-02    0.552432746887207031E+02    0.120422708711771032E+01    0.114442741344059357E+03    0.446390012132190428E+01
    0.230282034134539479E-02    0.551959114074707031E+02    0.480888785595571855E+00    0.131634766519059383E+03    0.495751372620218778E+01
    0.228013303333707935E-02    0.551957130432128906E+02    0.270485501882867352E+00    0.102635948280288630E+03    0.508369925548844748E+01
    0.228948565667514391E-02    0.551675262451171875E+02    0.664254289833110523E+00    0.121196349566627859E+03    0.480320511011296780E+01
    0.228905390352576212E-02    0.551479034423828125E+02    0.465126615926799991E+00    0.119629435291141888E+03    0.496723193663198348E+01
    0.228955220839581171E-02    0.551274681091308594E+02    0.313857707123423646E+00    0.998544661060291787E+02    0.500957449602754235E+01
    0.230424212228060987E-02    0.550946769714355469E+02    0.103161070884417039E+01    0.898946104073474572E+02    0.456666165202116492E+01
    0.228955325646990277E-02    0.550874671936035156E+02    0.495367090223017614E+00    0.112714653658815678E+03    0.496291464130078364E+01
    0.227432893983232909E-02    0.550808105468750000E+02    0.475658124635756296E+00    0.835529239142569224E+02    0.494362963132505051E+01
    0.228363162176723226E-02    0.550526466369628906E+02    0.252144729880780405E+00    0.104572549826186730E+03    0.517184767181304039E+01
    0.229138969472119421E-02    0.550258636474609375E+02    0.118002741728675242E+01    0.959342783319086152E+02    0.451959622348791967E+01
    0.230912837502567601E-02    0.549904403686523438E+02    0.241531722519545966E+00    0.955113381647975075E+02    0.514123086135197838E+01
    0.229005813458522424E-02    0.549870262145996094E+02    0.567797790152952730E+00    0.952091354596194321E+02    0.482938344608935211E+01
    0.231057449931417348E-02    0.549491882324218750E+02    0.172898441935813096E+01    0.875859824788502550E+02    0.431734070711251938E+01
    0.229879859510633824E-02    0.549394073486328125E+02    0.338010736568256420E+00    0.121751910932207679E+03    0.500753235045100986E+01
    0.230939035841455035E-02    0.549102134704589844E+02    0.739929056963689380E+00    0.105879311090242823E+03    0.473568742285996525E+01
    0.229025679707887866E-02    0.549068527221679688E+02    0.298333465097441464E+00    0.123194142369286340E+03    0.507096703401503746E+01
    0.229295416076043430E-02    0.548844985961914062E+02    0.538858073513123426E+00    0.117368189020532753E+03    0.484908236573861373E+01
    0.227495889568624403E-02    0.548802566528320312E+02    0.449509334714179198E+00    0.108421061119195485E+03    0.495009629543680596E+01
    0.226551540726043421E-02    0.548685760498046875E+02    0.396700465509960853E+00    0.869508604287036349E+02    0.499036485283661690E+01
    0.226212206326904721E-02    0.548515739440917969E+02    0.518099053663330866E+00    0.888306832746167174E+02    0.491167483428612428E+01
    0.224894531807832282E-02    0.548432579040527344E+02    0.306911987907940442E+00    0.123303878279733127E+03    0.506446863745602993E+01
    0.222723904031880190E-02    0.548426551818847656E+02    0.701971023375435266E+00    0.947193274453710217E+02    0.475023369668665296E+01
    0.701304590534726491E-02    0.525486030578613281E+02    0.414869898046481556E+00    0.113317854392942422E+03    0.496666537375761052E+01
    0.449679808066978746E-02    0.534374160766601562E+02    0.479181131338328292E+00    0.110236716479065137E+03    0.491681810271338904E+01
    0.258488097888672028E-02    0.545447883605957031E+02    0.567905291597283646E+00    0.109966336394467803E+03    0.486914381249508121E+01
    0.404322387939166743E-02    0.536500625610351562E+02    0.425081387056095439E+00    0.110007839132542529E+03    0.501702978797659505E+01
    0.245324684322640024E-02    0.546493225097656250E+02    0.423926446317055339E+00    0.112215428298906573E+03    0.501469644780046941E+01
    0.340877103893847582E-02    0.539914436340332031E+02    0.368640124756377863E+00    0.104167953683706713E+03    0.500693057844535616E+01
    0.562218256616776706E-02    0.529907073974609375E+02    0.359053830563175413E+00    0.105543913911417803E+03    0.501055181010305617E+01
    0.280944972706122491E-02    0.543781700134277344E+02    0.433770851616690933E+00    0.106786339893863612E+03    0.495831086246106167E+01
    0.462719586468247034E-02    0.533802452087402344E+02    0.483445676728994467E+00    0.103650208975485327E+03    0.493129762893944701E+01
    0.330964631150992535E-02    0.540504646301269531E+02    0.548081134163063699E+00    0.107628250608987315E+03    0.490953211065600748E+01
    0.227758446922592464E-02    0.547979164123535156E+02    0.560616233539187325E+00    0.108541559337996901E+03    0.488528033332762668E+01
    0.470307668784655797E-02    0.533477134704589844E+02    0.597398531794621546E+00    0.106630413479456990E+03    0.480958005794105770E+01
    0.223876956175892566E-02    0.548322944641113281E+02    0.271813929987389791E+00    0.106296217436389412E+03    0.506012351649991299E+01
    0.340980019962796310E-01    0.493856697082519531E+02    0.289786298203565940E+00    0.109497720073835268E+03    0.510689261537862382E+01
    0.292288147533629377E-02    0.542990074157714844E+02    0.328398773351218254E+00    0.108925496061613615E+03    0.511611795867705688E+01
    0.278945327226951889E-02    0.543924560546875000E+02    0.352958049247387495E+00    0.108311159529614429E+03    0.507589440995641272E+01
    0.313859445995626945E-02    0.541565971374511719E+02    0.283472159362478993E+00    0.103611249927098925E+03    0.509170773506240959E+01
    0.582791973406741100E-02    0.529188270568847656E+02    0.234185229263823985E+00    0.107332836673349163E+03    0.518747203982086269E+01
    0.320243338938652278E-02    0.541163253784179688E+02    0.256869356008109895E+00    0.107996274387693489E+03    0.512406767057088608E+01
    0.135000921045977159E-01    0.512387542724609375E+02    0.228603330533657279E+00    0.104523679153771525E+03    0.513869953707778837E+01
    0.230317518548636040E-02    0.547755699157714844E+02    0.219102704858097741E+00    0.100660625848052860E+03    0.517385133115500828E+01
    0.566651566201775616E-02    0.529749984741210938E+02    0.248800738542570177E+00    0.103442195558059950E+03    0.514912066019465975E+01
    0.284142828864122421E-02    0.543555335998535156E+02    0.221490130761653164E+00    0.101108898171320902E+03    0.514377530684220297E+01
    0.380629283389777393E-02    0.537708358764648438E+02    0.318964804433251703E+00    0.106069038160962293E+03    0.508426591607977230E+01
    0.313606921817197095E-02    0.541582069396972656E+02    0.320891077441646189E+00    0.129775175284089244E+03    0.509998300929281889E+01
    0.310610205434346713E-02    0.541774101257324219E+02    0.269245125407928776E+00    0.124275322036897123E+03    0.510611369141013149E+01
    0.647630315378153534E-02    0.527078475952148438E+02    0.256765816510229172E+00    0.122560599686325190E+03    0.516119299718425761E+01
    0.485680361416920316E-02    0.532833862304687500E+02    0.249479299890181416E+00    0.118816690636841741E+03    0.515605534876091642E+01
    0.304875644706914615E-02    0.542146797180175781E+02    0.344505957465303159E+00    0.115587702986358309E+03    0.508141100390637757E+01
    0.528256929199871078E-02    0.531153221130371094E+02    0.316196588550322510E+00    0.118446159596179072E+03    0.503283221969666172E+01
    0.325650215678032970E-02    0.540828399658203125E+02    0.331264351488398723E+00    0.121646137547165466E+03    0.507230471331908994E+01
    0.236456681124054373E-02    0.547229576110839844E+02    0.210506644610749111E+00    0.120118563501588881E+03    0.513857642516241775E+01
    0.647704435027029232E-02    0.527076187133789062E+02    0.284023828474286311E+00    0.122277980619720154E+03    0.513915094746905776E+01
    0.490775022106523188E-02    0.532625160217285156E+02    0.201019223133474173E+00    0.127835337658024059E+03    0.516860539391749096E+01
    0.552330206242112719E-02    0.530261955261230469E+02    0.367553173522364385E+00    0.117136921479250987E+03    0.507114334784944809E+01
    0.606304897275266198E-02    0.528397216796875000E+02    0.316094621946077348E+00    0.123868185479793169E+03    0.510129479301913236E+01
    0.227609925520373462E-02    0.547992210388183594E+02    0.313479152875341838E+00    0.125303881267008961E+03    0.507734491331069115E+01
    0.439077865639686798E-02    0.534851341247558594E+02    0.289741762329723485E+00    0.119864428398610215E+03    0.513935095732071900E+01
    0.887472723782998726E-02    0.520777320861816406E+02    0.227820970148169516E+00    0.118704071348797527E+03    0.516533644343519871E+01
    0.876287224201397104E-02    0.521030998229980469E+02    0.241635381635247726E+00    0.123398375759111971E+03    0.512034208318882467E+01
    0.361795441813351050E-02    0.538723297119140625E+02    0.258854592554360219E+00    0.127156618146567453E+03    0.515592131326293135E+01
    0.296859872630848582E-02    0.542679672241210938E+02    0.343346193636888120E+00    0.115360487676420803E+03    0.505597498326484374E+01
    0.545290754873095813E-02    0.530518493652343750E+02    0.245463851597235772E+00    0.124970520917496444E+03    0.517374605757812045E+01
    0.524097016722687228E-02    0.531311340332031250E+02    0.281369242029344213E+00    0.119044481478708406E+03    0.511425139243798910E+01
    0.391236678658492265E-02    0.537158622741699219E+02    0.228883529018517717E+00    0.114716543222764869E+03    0.519456151158343715E+01
    0.355638492319273417E-02    0.539066581726074219E+02    0.266065542772688679E+00    0.115114482604796692E+03    0.508467799953296140E+01
    0.510486881138702640E-02    0.531837577819824219E+02    0.217148777212793270E+00    0.130750409416329376E+03    0.514897577227829117E+01
    0.729025829091628323E-02    0.524710693359375000E+02    0.209265553309257168E+00    0.116483228738944732E+03    0.515927309088268604E+01
    0.401708846723695685E-02    0.536630325317382812E+02    0.330096491493265587E+00    0.121616424425402300E+03    0.510284869712486611E+01
    0.716937984705113239E-02    0.525045089721679688E+02    0.303734990736724164E+00    0.125492776374340778E+03    0.508343177045012151E+01
    0.741366969018895233E-02    0.524374961853027344E+02    0.354761833981397157E+00    0.922091510529484424E+02    0.502377113031240796E+01
    0.234592844565975275E-02    0.547387847900390625E+02    0.337008301029730950E+00    0.942839444578798833E+02    0.500467534869563302E+01
    0.251881160815241138E-02    0.545965728759765625E+02    0.369770639061753892E+00    0.954955498547763568E+02    0.501666275963365038E+01
    0.344609215566930253E-02    0.539696655273437500E+02    0.309742695921458810E+00    0.971599158345472631E+02    0.505396360461974670E+01
    0.115261823695932946E-01    0.515549049377441406E+02    0.308768614692472299E+00    0.995597304257557454E+02    0.507438491702320338E+01
    0.320218296474359190E-02    0.541164817810058594E+02    0.293593028547807888E+00    0.998394162505413192E+02    0.506142366395842469E+01
    0.464876296795682480E-02    0.533709449768066406E+02    0.342028492912498816E+00    0.959076071637976071E+02    0.507563333175895259E+01
    0.921195400443758534E-02    0.520031433105468750E+02    0.434637115191292667E+00    0.117507597320160102E+03    0.499852080141523913E+01
    0.229082466974696222E-02    0.547863235473632812E+02    0.524746409594061602E+00    0.124391231177269376E+03    0.491095450405677880E+01
    0.180004572627583369E-01    0.506633529663085938E+02    0.523754808991407916E+00    0.122108968748856000E+03    0.491284164382277044E+01
    0.296578596979574834E-02    0.542698631286621094E+02    0.456479866692859004E+00    0.118790185899181424E+03    0.495155575588634012E+01
    0.284856943346123350E-02    0.543505134582519531E+02    0.539465217422576027E+00    0.120733974154300000E+03    0.488965580260662058E+01
    0.390234292679789412E-02    0.537209930419921875E+02    0.589695607900695862E+00    0.118654607941578931E+03    0.482508164024711128E+01
    0.161727567666937189E-01    0.508774909973144531E+02    0.485291224195284143E+00    0.117132241268162218E+03    0.494303604267981189E+01
    0.320835766646782082E-02    0.541126289367675781E+02    0.453713517817778855E+00    0.116651867397893113E+03    0.493708606811081019E+01
    0.124866872992826852E-01    0.513948211669921875E+02    0.592439941026919881E+00    0.115795965669754736E+03    0.487116361076707438E+01
    0.829879970855964925E-02    0.522119255065917969E+02    0.535659766432530882E+00    0.995386922272810040E+02    0.488964807127817735E+01
    0.300956133446039558E-02    0.542405586242675781E+02    0.570244322229214395E+00    0.100637003675063440E+03    0.486163022061248284E+01
    0.180514109686828461E-01    0.506576995849609375E+02    0.556527195355712712E+00    0.989418539605923684E+02    0.486912241484685993E+01
    0.159924502306389056E-01    0.508999137878417969E+02    0.505171830889339146E+00    0.953144229710035518E+02    0.492211730410743620E+01
    0.119029097613546925E-01    0.514905815124511719E+02    0.502489042392580409E+00    0.965705560157485223E+02    0.493753193120550105E+01
    0.316525068973480235E-02    0.541396827697753906E+02    0.453368030696744195E+00    0.993568802421590931E+02    0.492085539470394728E+01
    0.340329449740983106E-02    0.539946594238281250E+02    0.679551483052381000E+00    0.974453324344509895E+02    0.479635499566939227E+01
    0.294870658435008367E-02    0.542814140319824219E+02    0.605529651001989633E+00    0.918818264984800948E+02    0.481842884613439271E+01
    0.300037371393731137E-02    0.542466735839843750E+02    0.455748899795542617E+00    0.930224899031423149E+02    0.490514413424025086E+01
    0.550299665893857603E-02    0.530335617065429688E+02    0.461561191082000777E+00    0.885625636577606201E+02    0.494585458040237391E+01
    0.276669524193872730E-02    0.544088401794433594E+02    0.420805346965789806E+00    0.890487110614776611E+02    0.496778440475463867E+01
    0.675960260015608713E-02    0.526222190856933594E+02    0.470118253733110669E+00    0.902436819760356741E+02    0.491689597432961545E+01
    0.495163205054258409E-02    0.532447128295898438E+02    0.499067401259815968E+00    0.900507882942174973E+02    0.489740540414035586E+01
    0.453600173768193681E-02    0.534200553894042969E+02    0.580805504096529090E+00    0.893821711554904539E+02    0.486161864612701056E+01
    0.233513400734666927E-02    0.547480087280273438E+02    0.563018704687765048E+00    0.847507445939078252E+02    0.487927694587877880E+01
    0.262479580076375313E-02    0.545141410827636719E+02    0.517823527809252893E+00    0.804266345281745032E+02    0.490284907734927433E+01
    0.741804037793918677E-02    0.524363174438476562E+02    0.526642689260452879E+00    0.870637592479649953E+02    0.488718842616585469E+01
    0.381211248022731266E-02    0.537677803039550781E+02    0.531585550343831592E+00    0.912765627541324562E+02    0.491798150218780261E+01
    0.534012059087950273E-02    0.530936508178710938E+02    0.509819005987154572E+00    0.864420164525345740E+02    0.486582229456412030E+01
    0.353910259051133614E-02    0.539164009094238281E+02    0.599363901408759170E+00    0.882430094542000205E+02    0.483697340839795942E+01
    0.472067358266769783E-02    0.533402442932128906E+02    0.548288998957459306E+00    0.903341215938637845E+02    0.487202220784035767E+01
    0.346890959495993597E-02    0.539564666748046875E+02    0.586904953695180587E+00    0.933575138658837602E+02    0.487206796511394025E+01
    0.299042691531589818E-02    0.542533149719238281E+02    0.528595726390571619E+00    0.820735729884466707E+02    0.487398677121711543E+01
    0.731976878444519884E-02    0.524629898071289062E+02    0.437705124778641597E+00    0.867591611777962157E+02    0.493286347580527273E+01
    0.448662874331585797E-02    0.534419441223144531E+02    0.325228490729405961E+00    0.888211630938863124E+02    0.500458683178592878E+01
    0.276250843346781665E-02    0.544118690490722656E+02    0.697992158628578441E+00    0.908060277940947742E+02    0.474160579173043839E+01
    0.742646368628330309E-02    0.524340476989746094E+02    0.710291817422890714E+00    0.904133181674635580E+02    0.474974826694354135E+01
    0.289056504740958699E-02    0.543212432861328125E+02    0.914272640338927856E+00    0.953719500572721870E+02    0.463576595727996299E+01
    0.229853212224687001E-02    0.547796058654785156E+02    0.185486724264660374E+01    0.911970327427348479E+02    0.423910127449356366E+01
    0.431909618155875471E-02    0.535180549621582031E+02    0.102139003276824947E+01    0.981639778614044189E+02    0.457842661142349172E+01
    0.243820274990550314E-02    0.546616249084472656E+02    0.109340221828832629E+01    0.101353365853376886E+03    0.453218404402429531E+01
    0.223988433898437544E-02    0.548312988281250000E+02    0.798245281547124153E+00    0.114862446330266010E+03    0.465603276508173458E+01
    0.283607877147184920E-02    0.543593025207519531E+02    0.780469228294618400E+00    0.106199193333497419E+03    0.472717453310765734E+01
    0.249397200618465837E-02    0.546163940429687500E+02    0.788286136026326245E+00    0.105284936870441285E+03    0.474787748323578551E+01
