0.115 8.671507694467397 
0.115 8.6715
0.1162 8.633335221221719 
0.1162 8.6333
0.1174 8.596565256628345 
0.1174 8.5966
0.1186 8.572193347210218 
0.1186 8.5722
0.1198 8.545363404646283 
0.1198 8.5454
0.121 8.50589572902636 
0.121 8.5059
0.1222 8.499854492796793 
0.1222 8.4999
0.1234 8.497313035080705 
0.1234 8.4973
0.1246 8.507960375329993 
0.1246 8.508
0.1258 8.497956925140896 
0.1258 8.498
0.127 8.509691569123511 
0.127 8.5097
0.1282 8.509460331817477 
0.1282 8.5095
0.1294 8.524599436011078 
0.1294 8.5246
0.1306 8.562710127499574 
0.1306 8.5627
0.1318 8.585644795676686 
0.1318 8.5856
0.133 8.618316242261823 
0.133 8.6183
0.13419999999999999 8.621934949655131 
0.13419999999999999 8.6219
0.1354 8.677644312184995 
0.1354 8.6776
0.1366 8.698796892132405 
0.1366 8.6988
0.1378 8.732269074028963 
0.1378 8.7323
0.13899999999999998 8.800281285350348 
0.13899999999999998 8.8003
0.1402 8.849068745668063 
0.1402 8.8491
0.1414 8.931269658750626 
0.1414 8.9313
0.1426 8.979202898696183 
0.1426 8.9792
0.14379999999999998 9.024051623943908 
0.14379999999999998 9.0241
0.145 9.095231534829335 
0.145 9.0952
# nseed = 35 with 26 points costs 4473.5 s