0.196 113.62913827400686 
0.196 113.63
0.19768 113.53738052835634 
0.19768 113.54
0.19936 113.38594538664728 
0.19936 113.39
0.20104 113.28135846345786 
0.20104 113.28
0.20272 113.17148082790806 
0.20272 113.17
0.2044 113.0200287972612 
0.2044 113.02
0.20608 112.96381062244859 
0.20608 112.96
0.20776 112.95774886473042 
0.20776 112.96
0.20944000000000002 112.96944047056922 
0.20944000000000002 112.97
0.21112 112.8892978937516 
0.21112 112.89
0.2128 112.91217684912534 
0.2128 112.91
0.21448 112.91394529388762 
0.21448 112.91
0.21616 112.88131529247464 
0.21616 112.88
0.21784 112.91042775799919 
0.21784 112.91
0.21952 112.85992267020342 
0.21952 112.86
0.2212 112.86861441646614 
0.2212 112.87
0.22288 112.9122491091922 
0.22288 112.91
0.22455999999999998 112.86361834274244 
0.22455999999999998 112.86
0.22624 112.90151331666209 
0.22624 112.9
0.22791999999999998 113.05413669504057 
0.22791999999999998 113.05
0.2296 113.10731680025162 
0.2296 113.11
0.23127999999999999 113.21168562419808 
0.23127999999999999 113.21
0.23296 113.2555314180905 
0.23296 113.26
0.23464 113.39713037429806 
0.23464 113.4
0.23631999999999997 113.45136778125597 
0.23631999999999997 113.45
0.238 113.65029368873587 
0.238 113.65
# nseed = 30 with 26 points costs 4060.7 s