0.09 12.328995059473105 
0.09 12.328995059473105
0.09179999999999999 12.315818899921231 
0.09179999999999999 12.315818899921231
0.0936 12.279735353100314 
0.0936 12.279735353100314
0.0954 12.27750674112128 
0.0954 12.27750674112128
0.0972 12.263501515678765 
0.0972 12.263501515678765
0.099 12.206434792574072 
0.099 12.206434792574072
0.1008 12.08358403343981 
0.1008 12.08358403343981
0.1026 12.137510607752539 
0.1026 12.137510607752539
0.10439999999999999 12.209160653932464 
0.10439999999999999 12.209160653932464
0.1062 12.213907751045674 
0.1062 12.213907751045674
0.108 12.249639755547303 
0.108 12.249639755547303
0.10980000000000001 12.228826335528044 
0.10980000000000001 12.228826335528044
0.1116 12.144494620172669 
0.1116 12.144494620172669
0.1134 12.044272370192267 
0.1134 12.044272370192267
0.1152 12.095993895362497 
0.1152 12.095993895362497
0.117 12.128854209205276 
0.117 12.128854209205276
0.1188 12.112554431771693 
0.1188 12.112554431771693
0.1206 12.30564610169677 
0.1206 12.30564610169677
0.12240000000000001 12.342441002079983 
0.12240000000000001 12.342441002079983
0.1242 12.496148732897048 
0.1242 12.496148732897048
0.126 12.619867476393512 
0.126 12.619867476393512
0.1278 12.645349673469639 
0.1278 12.645349673469639
0.1296 12.74835172907402 
0.1296 12.74835172907402
0.13140000000000002 12.847603008315483 
0.13140000000000002 12.847603008315483
0.1332 12.878239264742739 
0.1332 12.878239264742739
0.135 13.069923031391163 
0.135 13.069923031391163
