0.1 12.197909570393161 
0.1 12.197909570393161
0.10200000000000001 12.079372852658386 
0.10200000000000001 12.079372852658386
0.10400000000000001 12.18911666534616 
0.10400000000000001 12.18911666534616
0.10600000000000001 12.216062234464664 
0.10600000000000001 12.216062234464664
0.10800000000000001 12.249639755547303 
0.10800000000000001 12.249639755547303
0.11000000000000001 12.203381891809808 
0.11000000000000001 12.203381891809808
0.11200000000000002 12.111851015187256 
0.11200000000000002 12.111851015187256
0.114 12.108832951164715 
0.114 12.108832951164715
0.116 12.112895123252738 
0.116 12.112895123252738
0.11800000000000001 12.125374834943806 
0.11800000000000001 12.125374834943806
0.12000000000000001 12.197006828011698 
0.12000000000000001 12.197006828011698
0.12200000000000001 12.35066186323361 
0.12200000000000001 12.35066186323361
0.12400000000000001 12.487414934769399 
0.12400000000000001 12.487414934769399
0.126 12.619867476393512 
0.126 12.619867476393512
0.128 12.636188472531927 
0.128 12.636188472531927
0.13 12.761473123928859 
0.13 12.761473123928859
0.132 12.823194761056605 
0.132 12.823194761056605
0.134 12.998511986080935 
0.134 12.998511986080935
0.136 13.095389722125352 
0.136 13.095389722125352
0.138 13.325518313629733 
0.138 13.325518313629733
0.14 13.439719253568372 
0.14 13.439719253568372
