0.47 289.352 68.82234313802134 
0.47 289.352 68.82234313802134
0.473 289.352 69.00354023819372 
0.473 289.352 69.00354023819372
0.476 289.352 68.61274177823762 
0.476 289.352 68.61274177823762
0.479 289.352 68.27763616009665 
0.479 289.352 68.27763616009665
0.482 289.352 68.19791422426013 
0.482 289.352 68.19791422426013
0.485 289.352 67.89485553402731 
0.485 289.352 67.89485553402731
0.488 289.352 67.0675184877253 
0.488 289.352 67.0675184877253
0.491 289.352 67.47840868599604 
0.491 289.352 67.47840868599604
0.494 289.352 66.9945616980863 
0.494 289.352 66.9945616980863
0.497 289.352 66.83283406410753 
0.497 289.352 66.83283406410753
0.5 289.352 67.39079833976861 
0.5 289.352 67.39079833976861
0.4896 270.0 77.19209264345704 
0.4896 270.0 77.19209264345704
0.4896 273.0 74.9076352597583 
0.4896 273.0 74.9076352597583
0.4896 276.0 72.9611960529834 
0.4896 276.0 72.9611960529834
0.4896 279.0 71.69589186593447 
0.4896 279.0 71.69589186593447
0.4896 282.0 70.56572112019965 
0.4896 282.0 70.56572112019965
0.4896 285.0 69.67262813974477 
0.4896 285.0 69.67262813974477
0.4896 288.0 67.24406536770616 
0.4896 288.0 67.24406536770616
0.4896 291.0 67.4036575444656 
0.4896 291.0 67.4036575444656
0.4896 294.0 67.51768453499051 
0.4896 294.0 67.51768453499051
0.4896 297.0 67.53056824047727 
0.4896 297.0 67.53056824047727
0.4896 300.0 67.84354447472558 
0.4896 300.0 67.84354447472558
0.4796 270.0 75.40073692954405 
0.4796 270.0 75.40073692954405
0.4796 273.0 72.91581659758705 
0.4796 273.0 72.91581659758705
0.4796 276.0 70.77533858506888 
0.4796 276.0 70.77533858506888
0.4796 279.0 70.59267926917344 
0.4796 279.0 70.59267926917344
0.4796 282.0 69.52335306721632 
0.4796 282.0 69.52335306721632
0.4796 285.0 67.35691478053766 
0.4796 285.0 67.35691478053766
0.4796 288.0 67.34506065199278 
0.4796 288.0 67.34506065199278
0.4796 291.0 68.20786406575823 
0.4796 291.0 68.20786406575823
0.4796 294.0 68.11840986302182 
0.4796 294.0 68.11840986302182
0.4796 297.0 68.26259719319839 
0.4796 297.0 68.26259719319839
0.4796 300.0 68.4224850946706 
0.4796 300.0 68.4224850946706
0.4996 270.0 80.01058592292587 
0.4996 270.0 80.01058592292587
0.4996 273.0 76.52644528012159 
0.4996 273.0 76.52644528012159
0.4996 276.0 74.60678353955885 
0.4996 276.0 74.60678353955885
0.4996 279.0 73.70916442981196 
0.4996 279.0 73.70916442981196
0.4996 282.0 71.98712126716696 
0.4996 282.0 71.98712126716696
0.4996 285.0 69.70709442038591 
0.4996 285.0 69.70709442038591
0.4996 288.0 68.89253593575111 
0.4996 288.0 68.89253593575111
0.4996 291.0 67.17947007361805 
0.4996 291.0 67.17947007361805
0.4996 294.0 67.88232367233331 
0.4996 294.0 67.88232367233331
0.4996 297.0 66.85977503485343 
0.4996 297.0 66.85977503485343
0.4996 300.0 67.2309127487446 
0.4996 300.0 67.2309127487446
0.4946 270.0 77.9613033181636 
0.4946 270.0 77.9613033181636
0.4946 273.0 75.8972771382179 
0.4946 273.0 75.8972771382179
0.4946 276.0 72.87175763685977 
0.4946 276.0 72.87175763685977
0.4946 279.0 73.15344763789417 
0.4946 279.0 73.15344763789417
0.4946 282.0 71.38641463882854 
0.4946 282.0 71.38641463882854
0.4946 285.0 70.26488040079823 
0.4946 285.0 70.26488040079823
0.4946 288.0 67.9342601599541 
0.4946 288.0 67.9342601599541
0.4946 291.0 66.97821279387946 
0.4946 291.0 66.97821279387946
0.4946 294.0 67.46464237401214 
0.4946 294.0 67.46464237401214
0.4946 297.0 67.36055537384955 
0.4946 297.0 67.36055537384955
0.4946 300.0 67.38521687334021 
0.4946 300.0 67.38521687334021
0.4846 270.0 76.61839045521408 
0.4846 270.0 76.61839045521408
0.4846 273.0 74.02221571604221 
0.4846 273.0 74.02221571604221
0.4846 276.0 71.60705454285355 
0.4846 276.0 71.60705454285355
0.4846 279.0 71.28279391505494 
0.4846 279.0 71.28279391505494
0.4846 282.0 69.95262032604971 
0.4846 282.0 69.95262032604971
0.4846 285.0 68.45545785660451 
0.4846 285.0 68.45545785660451
0.4846 288.0 67.4781210253777 
0.4846 288.0 67.4781210253777
0.4846 291.0 67.86864049451444 
0.4846 291.0 67.86864049451444
0.4846 294.0 67.39474489219363 
0.4846 294.0 67.39474489219363
0.4846 297.0 67.43285080574975 
0.4846 297.0 67.43285080574975
0.4846 300.0 67.75527553051799 
0.4846 300.0 67.75527553051799
0.4746 270.0 74.53304231646095 
0.4746 270.0 74.53304231646095
0.4746 273.0 72.49599975293836 
0.4746 273.0 72.49599975293836
0.4746 276.0 69.60735074709248 
0.4746 276.0 69.60735074709248
0.4746 279.0 70.0746067888435 
0.4746 279.0 70.0746067888435
0.4746 282.0 68.83455666382318 
0.4746 282.0 68.83455666382318
0.4746 285.0 66.54063961462795 
0.4746 285.0 66.54063961462795
0.4746 288.0 68.46217393826996 
0.4746 288.0 68.46217393826996
0.4746 291.0 68.16300839505826 
0.4746 291.0 68.16300839505826
0.4746 294.0 68.6222563175834 
0.4746 294.0 68.6222563175834
0.4746 297.0 68.06092316290349 
0.4746 297.0 68.06092316290349
0.4746 300.0 69.47135599067867 
0.4746 300.0 69.47135599067867
