   0.107944958091564036E+001   0.109959712632934043E+003   0.440987922361529261E+001  -0.706760559082031250E+002  -0.773728256225585938E+002   1
   0.121417006265332894E+001   0.108476434943541136E+003   0.438209690365762494E+001  -0.702563400268554688E+002  -0.718480987548828125E+002   1
   0.109599700387330001E+001   0.103842946681948632E+003   0.441229609800743905E+001  -0.695416717529296875E+002  -0.736658172607421875E+002   1
   0.108736965751585890E+001   0.106486409987933328E+003   0.441382641932650888E+001  -0.702641372680664062E+002  -0.718324127197265625E+002   1
   0.103807435504865020E+001   0.107395922477853631E+003   0.442719613536437784E+001  -0.687562484741210938E+002  -0.715679779052734375E+002   1
   0.115911272107613339E+001   0.101316315840260273E+003   0.439082455361047597E+001  -0.698710708618164062E+002  -0.713458633422851562E+002   1
   0.129088543543957091E+001   0.920853587107248757E+002   0.438614720803673563E+001  -0.700212173461914062E+002  -0.714595565795898438E+002   1
   0.111714789541751802E+001   0.101036688754673960E+003   0.441899496383202095E+001  -0.703078689575195312E+002  -0.737535324096679688E+002   1
   0.120524433272761122E+001   0.996208223258296357E+002   0.438443093944522388E+001  -0.705765914916992188E+002  -0.719275054931640625E+002   1
   0.120827333091165312E+001   0.103411189492074556E+003   0.436447559982622124E+001  -0.707302627563476562E+002  -0.719063415527343750E+002   1
   0.127347062223023322E+001   0.106327002312135036E+003   0.435450740014083415E+001  -0.704515991210937500E+002  -0.724935226440429688E+002   1
   0.124375221659630508E+001   0.936652837184243197E+002   0.439407560812720366E+001  -0.703098831176757812E+002  -0.713083648681640625E+002   1
   0.122631042646353583E+001   0.979386644195313636E+002   0.440005559910648625E+001  -0.696310272216796875E+002  -0.712760620117187500E+002   1
   0.114611749907100524E+001   0.953534501110056283E+002   0.440699055108532267E+001  -0.690160064697265625E+002  -0.712491378784179688E+002   1
   0.117148217784395259E+001   0.107963287753719996E+003   0.438448303068395617E+001  -0.698427276611328125E+002  -0.711919479370117188E+002   1
   0.122432804006556317E+001   0.928665266894829529E+002   0.440620472113677852E+001  -0.705189285278320312E+002  -0.710580215454101562E+002   1
   0.122945293406723821E+001   0.924155103944581100E+002   0.438666100356412247E+001  -0.695505065917968750E+002  -0.709238357543945312E+002   1
   0.127285671351989094E+001   0.994421708456690112E+002   0.435316878044161015E+001  -0.696265869140625000E+002  -0.708738250732421875E+002   1
   0.119294648875766374E+001   0.101488821667438174E+003   0.436339249281734443E+001  -0.690788574218750000E+002  -0.708449478149414062E+002   1
   0.117882662230809121E+001   0.973704668422018926E+002   0.442650304692849783E+001  -0.693222045898437500E+002  -0.708246536254882812E+002   1
   0.671292385259095514E+000   0.102519509738363666E+003   0.469479199439081540E+001  -0.677685928344726562E+002  -0.762528457641601562E+002   1
   0.697634636089168203E+000   0.104206893092404187E+003   0.467182094747671428E+001  -0.672745132446289062E+002  -0.738017196655273438E+002   1
   0.649341242153476328E+000   0.117319956858341158E+003   0.473309355782513652E+001  -0.704285354614257812E+002  -0.718309173583984375E+002   1
   0.677193167389356199E+000   0.111121183703535706E+003   0.468179640226511218E+001  -0.676873474121093750E+002  -0.717699737548828125E+002   1
   0.721377713673243770E+000   0.734219392657093124E+002   0.465873274310758134E+001  -0.703059234619140625E+002  -0.780875320434570312E+002   1
   0.605662338015667379E+000   0.877471184618831046E+002   0.473002393456762782E+001  -0.686833877563476562E+002  -0.730717773437500000E+002   1
   0.594346721920199328E+000   0.104439246251286988E+003   0.474697298119544620E+001  -0.693885955810546875E+002  -0.713066101074218750E+002   1
   0.684888234551565667E+000   0.986301883680305878E+002   0.470842837994962160E+001  -0.698126754760742188E+002  -0.711745223999023438E+002   1
   0.674822030300217923E+000   0.985185898506012165E+002   0.469600434601441385E+001  -0.684648056030273438E+002  -0.711740112304687500E+002   1
   0.630965786401463946E+000   0.989076275626551222E+002   0.469834432160340576E+001  -0.701293792724609375E+002  -0.711688156127929688E+002   1
   0.697912576050719990E+000   0.945633523158085154E+002   0.468111707057455106E+001  -0.691485366821289062E+002  -0.710737838745117188E+002   1
   0.649789848936540682E+000   0.108010916468629077E+003   0.471428953536337136E+001  -0.702468109130859375E+002  -0.710444259643554688E+002   1
   0.672845461716596982E+000   0.879882880766278106E+002   0.468112607259309854E+001  -0.691551208496093750E+002  -0.709589691162109375E+002   1
   0.615494148377792483E+000   0.800675461133531599E+002   0.471230575956226438E+001  -0.707414932250976562E+002  -0.709127349853515625E+002   1
   0.735681564614637740E+000   0.957958229042870073E+002   0.465147783227771150E+001  -0.705214538574218750E+002  -0.708260269165039062E+002   1
   0.771416586818532313E+000   0.107163312087334347E+003   0.462580859282055634E+001  -0.690673294067382812E+002  -0.727600555419921875E+002   1
   0.858184950963576387E+000   0.993504990725118091E+002   0.457673645892893255E+001  -0.695779495239257812E+002  -0.725511016845703125E+002   1
   0.814036352491869786E+000   0.104950888738983849E+003   0.461288259375419596E+001  -0.688387832641601562E+002  -0.722181930541992188E+002   1
   0.786009219354538491E+000   0.108485638707982744E+003   0.461252523734545861E+001  -0.700253143310546875E+002  -0.720673675537109375E+002   1
   0.717865691534555816E+000   0.101582745911822087E+003   0.461700900346628362E+001  -0.689557723999023438E+002  -0.718451004028320312E+002   1
   0.810226238460443282E+000   0.107321020793178846E+003   0.458761697315599015E+001  -0.693467559814453125E+002  -0.716647033691406250E+002   1
   0.821877697106966565E+000   0.104477114237347081E+003   0.456623439511970908E+001  -0.697912902832031250E+002  -0.714920730590820312E+002   1
   0.817118665988395443E+000   0.953924290477021657E+002   0.458772686629439086E+001  -0.687304916381835938E+002  -0.713901367187500000E+002   1
   0.843707134077556820E+000   0.108851753332610400E+003   0.457773977628430195E+001  -0.681282424926757812E+002  -0.710002212524414062E+002   1
   0.879645273302060549E+000   0.104353701719455501E+003   0.459868670986142369E+001  -0.699044113159179688E+002  -0.709336318969726562E+002   1
   0.783290530257777284E+000   0.108593038276425119E+003   0.462306133756401749E+001  -0.691190795898437500E+002  -0.708398284912109375E+002   1
   0.825435671568387264E+000   0.103168597669984564E+003   0.459095954865121936E+001  -0.678731613159179688E+002  -0.708205642700195312E+002   1
   0.597642229191516661E+000   0.931239543943609078E+002   0.475427880717203166E+001  -0.691089553833007812E+002  -0.724203720092773438E+002   1
   0.712369236805191375E+000   0.928830674930024429E+002   0.467872204810778491E+001  -0.698435897827148438E+002  -0.716259002685546875E+002   1
   0.710964864611061675E+000   0.977174268094821059E+002   0.467904852470506594E+001  -0.690376968383789062E+002  -0.714661483764648438E+002   1
   0.192026327208977321E+001   0.986921194640783312E+002   0.415767266442540340E+001  -0.695052795410156250E+002  -0.716583786010742188E+002   1
   0.234767114671704125E+001   0.100696672190319575E+003   0.408521798263778635E+001  -0.703462982177734375E+002  -0.724905776977539062E+002   1
   0.198422115287658207E+001   0.972730666260876262E+002   0.411063928579985838E+001  -0.691873703002929688E+002  -0.755869598388671875E+002   1
   0.215437497301156711E+001   0.100417749508358412E+003   0.410326136603906111E+001  -0.705802917480468750E+002  -0.712890014648437500E+002   1
   0.187332991078956956E+001   0.993169475819223919E+002   0.418410804124878055E+001  -0.707848510742187500E+002  -0.709137573242187500E+002   1
   0.180744113127781270E+001   0.104368548754866538E+003   0.411175346862078328E+001  -0.704983367919921875E+002  -0.761493148803710938E+002   1
   0.144831872397532990E+001   0.969585589816407776E+002   0.428090501381114485E+001  -0.702928695678710938E+002  -0.723196105957031250E+002   1
   0.141417679515197259E+001   0.100386608855045182E+003   0.427755425116760346E+001  -0.707184753417968750E+002  -0.722411499023437500E+002   1
   0.142881413485927999E+001   0.110574292163229529E+003   0.431114832847436347E+001  -0.695873413085937500E+002  -0.733690109252929688E+002   1
   0.152532932162380908E+001   0.967081200859196315E+002   0.422344093777177676E+001  -0.701711425781250000E+002  -0.720890045166015625E+002   1
   0.149651756560685212E+001   0.104871911842798283E+003   0.425486530602027280E+001  -0.705146789550781250E+002  -0.719069747924804688E+002   1
   0.143818425286540097E+001   0.996252633439692659E+002   0.432050107729885635E+001  -0.702866439819335938E+002  -0.717976379394531250E+002   1
   0.139704803752880835E+001   0.999937416728001551E+002   0.426180414931117202E+001  -0.707700347900390625E+002  -0.715876312255859375E+002   1
   0.139672637509021857E+001   0.960272400096059471E+002   0.429776983524033263E+001  -0.700090789794921875E+002  -0.709097900390625000E+002   1
   0.115387163619014887E+001   0.792806136587921202E+002   0.437179854537189705E+001  -0.669578170776367188E+002  -0.727743453979492188E+002   1
   0.136671452760015022E+001   0.872062158964978096E+002   0.431397299016995106E+001  -0.703692016601562500E+002  -0.728523406982421875E+002   1
   0.140658717670630518E+001   0.873623426147636906E+002   0.428807042147404172E+001  -0.684624328613281250E+002  -0.735742187500000000E+002   1
   0.132009509918593859E+001   0.795345913317207049E+002   0.433154669319546493E+001  -0.700633010864257812E+002  -0.714164047241210938E+002   1
   0.146642304904903686E+001   0.853414508509649039E+002   0.430928459607776482E+001  -0.672388763427734375E+002  -0.710417022705078125E+002   1
   0.127409835188642018E+001   0.820182422900309547E+002   0.435608651064949637E+001  -0.694490737915039062E+002  -0.708876800537109375E+002   1
   0.161745229498543419E+001   0.858526988633120283E+002   0.426993607185359370E+001  -0.699925842285156250E+002  -0.745774459838867188E+002   1
   0.156052905581241452E+001   0.874743975981528763E+002   0.427821124731671265E+001  -0.692826614379882812E+002  -0.718968734741210938E+002   1
   0.176549820586107975E+001   0.893197430822608993E+002   0.423740445257518417E+001  -0.696059570312500000E+002  -0.739148101806640625E+002   1
   0.174972895270454565E+001   0.894324286134903161E+002   0.424246961495220631E+001  -0.681955108642578125E+002  -0.729898071289062500E+002   1
   0.171021562507917047E+001   0.852799572561716559E+002   0.422459197239030271E+001  -0.706565551757812500E+002  -0.777708892822265625E+002   1
   0.168444757283009428E+001   0.811250658292162825E+002   0.420587385187732465E+001  -0.698139419555664062E+002  -0.714752807617187500E+002   1
   0.169552738547976478E+001   0.852879361340959292E+002   0.423542865552406411E+001  -0.680019226074218750E+002  -0.709380722045898438E+002   1
   0.179286249718582735E+001   0.862920566509266678E+002   0.420548526905216047E+001  -0.702362289428710938E+002  -0.709222183227539062E+002   1
   0.227795357344210014E+001   0.807507930451763229E+002   0.414068850432386704E+001  -0.700255279541015625E+002  -0.934950408935546875E+002   1
   0.235601135849855137E+001   0.826470333440472302E+002   0.415625880907857148E+001  -0.702020187377929688E+002  -0.722208023071289062E+002   1
   0.231129777120919444E+001   0.788737038385686873E+002   0.410652414753078077E+001  -0.707743530273437500E+002  -0.726944274902343750E+002   1
   0.224920437382049077E+001   0.813643680843761814E+002   0.410493853407757481E+001  -0.685374450683593750E+002  -0.715420608520507812E+002   1
   0.230317739535011734E+001   0.747217212779463011E+002   0.405338006252109473E+001  -0.707943725585937500E+002  -0.756780319213867188E+002   1
   0.218023782341453343E+001   0.848452289988883877E+002   0.411793611564906303E+001  -0.703026885986328125E+002  -0.760174407958984375E+002   1
   0.197907806692716948E+001   0.798280346162005543E+002   0.411437427457459659E+001  -0.702316131591796875E+002  -0.716091918945312500E+002   1
   0.193589834321520060E+001   0.931037336209639363E+002   0.415971901189001514E+001  -0.700578536987304688E+002  -0.718932647705078125E+002   1
   0.191545365800287470E+001   0.903662292715941788E+002   0.416183502351495171E+001  -0.701902618408203125E+002  -0.748864822387695312E+002   1
   0.185639635201023845E+001   0.889327029325933438E+002   0.418392422063740455E+001  -0.681947021484375000E+002  -0.742554473876953125E+002   1
   0.188898497060911819E+001   0.887066507302044442E+002   0.415059758485473385E+001  -0.706851348876953125E+002  -0.731640930175781250E+002   1
   0.181107139795627647E+001   0.898241371797304140E+002   0.414377408104476519E+001  -0.693425827026367188E+002  -0.719435272216796875E+002   1
   0.177957541433935384E+001   0.837431882858488734E+002   0.419305038663979968E+001  -0.695499496459960938E+002  -0.717986831665039062E+002   1
   0.196859420114888883E+001   0.869575033847104635E+002   0.415536657378318175E+001  -0.703979644775390625E+002  -0.724670944213867188E+002   1
   0.206610621242976622E+001   0.871157187931015073E+002   0.410507898057759224E+001  -0.684743957519531250E+002  -0.727235031127929688E+002   1
   0.210717133254211397E+001   0.902303075653367159E+002   0.407648303260389255E+001  -0.704798507690429688E+002  -0.732659149169921875E+002   1
   0.186866575469095908E+001   0.922408863286166536E+002   0.411406819918720679E+001  -0.691633987426757812E+002  -0.713507537841796875E+002   1
   0.186157310250947772E+001   0.869962351513983663E+002   0.415843515800333474E+001  -0.705263824462890625E+002  -0.712678451538085938E+002   1
   0.200486603639926475E+001   0.873182278353587265E+002   0.412012259718634777E+001  -0.694422302246093750E+002  -0.711885604858398438E+002   1
   0.191762940513482016E+001   0.840674732456789400E+002   0.418636122722686110E+001  -0.703034515380859375E+002  -0.720587692260742188E+002   1
   0.183331455246076280E+001   0.750753460848325176E+002   0.419982005943077397E+001  -0.694047470092773438E+002  -0.742827301025390625E+002   1
   0.180163058008050170E+001   0.792501060574713847E+002   0.416250644030278494E+001  -0.699975738525390625E+002  -0.708288726806640625E+002   1
