   0.449708629808244775E+000   0.100597303828452439E+003   0.497619968199945184E+001  -0.261471176147460938E+002  -0.389885711669921875E+002   1
   0.388478367888923704E+000   0.101120797717915451E+003   0.498053518353728464E+001  -0.267216835021972656E+002  -0.282194099426269531E+002   1
   0.533773367679428512E+000   0.100786748387922046E+003   0.486587164741886014E+001  -0.260395431518554688E+002  -0.289059391021728516E+002   1
   0.523824366065608560E+000   0.993739274284394014E+002   0.493901040382932877E+001  -0.267905197143554688E+002  -0.282245006561279297E+002   1
   0.581544810902022924E+000   0.108441522043585010E+003   0.482912597239526420E+001  -0.272416934967041016E+002  -0.282514877319335938E+002   1
   0.611952841314524765E+000   0.103381842538282413E+003   0.488071843726580745E+001  -0.262865543365478516E+002  -0.289567070007324219E+002   1
   0.671411171783710681E+000   0.112559068057465595E+003   0.478136458510869655E+001  -0.266063938140869141E+002  -0.281209583282470703E+002   1
   0.591741393285419637E+000   0.102812847078271588E+003   0.482962518185936318E+001  -0.251782493591308594E+002  -0.280706939697265625E+002   1
   0.581994846985072867E+000   0.104602637562779563E+003   0.486785303175370743E+001  -0.265514965057373047E+002  -0.279940643310546875E+002   1
   0.559178286154402904E+000   0.100784933745488843E+003   0.488842125839890773E+001  -0.254817714691162109E+002  -0.279499874114990234E+002   1
   0.559582761024394859E+000   0.106747668818387780E+003   0.490472514608191013E+001  -0.270757179260253906E+002  -0.285538349151611328E+002   1
   0.550847433771162076E+000   0.104410055026115174E+003   0.490026459982668250E+001  -0.266350078582763672E+002  -0.280277690887451172E+002   1
   0.676503042614404637E+000   0.103264355991408095E+003   0.481799592676071775E+001  -0.271571674346923828E+002  -0.276063709259033203E+002   1
   0.591176582104636861E+000   0.109472976287002098E+003   0.490075015021496707E+001  -0.268794975280761719E+002  -0.276013488769531250E+002   1
   0.453469353397681074E+000   0.106678499967920146E+003   0.490602901824712312E+001  -0.257105751037597656E+002  -0.274944362640380859E+002   1
   0.542033762082897219E+000   0.101447139253873985E+003   0.488350363321748038E+001  -0.270128383636474609E+002  -0.273626213073730469E+002   1
   0.447988204858372485E+000   0.105182113163659949E+003   0.497117883600942356E+001  -0.265879344940185547E+002  -0.277205123901367188E+002   1
   0.312034719223963086E+000   0.107229098310889185E+003   0.504235769347780760E+001  -0.261117630004882812E+002  -0.285012588500976562E+002   1
   0.357499715691311226E+000   0.106837865239318091E+003   0.501927667448839099E+001  -0.265944061279296875E+002  -0.275928897857666016E+002   1
   0.441957888445744351E+000   0.108251998060012284E+003   0.492060263706835244E+001  -0.269270820617675781E+002  -0.277861118316650391E+002   1
   0.418688661543935470E+000   0.112329596287465762E+003   0.498665345136800298E+001  -0.257767429351806641E+002  -0.335013618469238281E+002   1
   0.452558022138636828E+000   0.113423658389123460E+003   0.498330141943303762E+001  -0.255853691101074219E+002  -0.332779884338378906E+002   1
   0.371408658014483306E+000   0.113422817387983827E+003   0.502359180915056314E+001  -0.265270118713378906E+002  -0.291957588195800781E+002   1
   0.445765420270174184E+000   0.110556539968129698E+003   0.494162532856904679E+001  -0.263154582977294922E+002  -0.284964351654052734E+002   1
   0.416512037043063832E+000   0.109608641254290916E+003   0.493387693894816071E+001  -0.261752891540527344E+002  -0.280914230346679688E+002   1
   0.423024201195344007E+000   0.114641567805280019E+003   0.500309977181515375E+001  -0.263909244537353516E+002  -0.275218086242675781E+002   1
   0.522659927573081884E+000   0.112362940229494143E+003   0.488351322243078023E+001  -0.269768180847167969E+002  -0.274364967346191406E+002   1
   0.276870180122993970E+000   0.101834944451197757E+003   0.505946572649756288E+001  -0.267908973693847656E+002  -0.379111518859863281E+002   1
   0.363489671142611104E+000   0.101245987401408314E+003   0.504117885819464817E+001  -0.256333007812500000E+002  -0.293153343200683594E+002   1
   0.311552407384806662E+000   0.100231993954513285E+003   0.504571754235633829E+001  -0.266517333984375000E+002  -0.293070468902587891E+002   1
   0.481899678707122803E+000   0.117479989528656006E+003   0.494691009521484304E+001  -0.250769100189208984E+002  -0.100000000000000002E+101   1
   0.419996191055328483E+000   0.117178103040349612E+003   0.496721127198689949E+001  -0.253301048278808594E+002  -0.283392200469970703E+002   1
   0.485879383161874401E+000   0.116261176874543310E+003   0.497250854975869050E+001  -0.266804828643798828E+002  -0.278606319427490234E+002   1
   0.390942084938365908E+000   0.119170349668146741E+003   0.498861254238730556E+001  -0.266883029937744141E+002  -0.277256698608398438E+002   1
   0.518005346243653686E+000   0.117491490345234155E+003   0.489945851572758428E+001  -0.246080398559570312E+002  -0.274193267822265625E+002   1
   0.575155988188516654E+000   0.115925548013273854E+003   0.482892819931333417E+001  -0.262994403839111328E+002  -0.276504478454589844E+002   1
   0.461461033995759329E+000   0.119622242106081984E+003   0.492745095238373221E+001  -0.268446865081787109E+002  -0.287556915283203125E+002   1
   0.194640104644517253E+000   0.108901210141262183E+003   0.519023580670677376E+001  -0.260179710388183594E+002  -0.319793586730957031E+002   1
   0.249991912434645636E+000   0.108112289060753056E+003   0.514427831382825218E+001  -0.264039993286132812E+002  -0.329352912902832031E+002   1
   0.217541022890941321E+000   0.112347765787121631E+003   0.517142580848340572E+001  -0.261390895843505859E+002  -0.284255237579345703E+002   1
   0.218830547818216481E+000   0.102706599496673789E+003   0.518432963951269787E+001  -0.266394805908203125E+002  -0.283822517395019531E+002   1
   0.215161300948196049E+000   0.104751007207738212E+003   0.516511430469227495E+001  -0.257833728790283203E+002  -0.283661403656005859E+002   1
   0.220473686192411950E+000   0.103501476875557543E+003   0.516156448616204955E+001  -0.266201686859130859E+002  -0.281984920501708984E+002   1
   0.260100766516316029E+000   0.111371590367385835E+003   0.517063904861203927E+001  -0.251111869812011719E+002  -0.280911445617675781E+002   1
   0.141918250097367776E+000   0.112514981338372650E+003   0.519922016200250425E+001  -0.253776092529296875E+002  -0.278879928588867188E+002   1
   0.249457456031504349E+000   0.110606855539770123E+003   0.511104361842188570E+001  -0.264931030273437500E+002  -0.278432998657226562E+002   1
   0.183281259319765522E+000   0.987816593558036402E+002   0.518014027654698417E+001  -0.268644695281982422E+002  -0.277387466430664062E+002   1
   0.200715249630541770E+000   0.110651364678429019E+003   0.516116379195942088E+001  -0.267811450958251953E+002  -0.277130756378173828E+002   1
   0.235390232730392557E+000   0.108476962084979931E+003   0.514248185962412752E+001  -0.241194572448730469E+002  -0.276806049346923828E+002   1
   0.195872565087638784E+000   0.112482190848519451E+003   0.519332014616247672E+001  -0.258552913665771484E+002  -0.275067214965820312E+002   1
   0.241438083112045260E+000   0.112150811974692289E+003   0.517615762551384240E+001  -0.263207740783691406E+002  -0.274519042968750000E+002   1
   0.452986687674871991E+000   0.115632088560251105E+003   0.492930530256372634E+001  -0.265861911773681641E+002  -0.273365802764892578E+002   1
   0.639366654254348132E+000   0.103696224652767995E+003   0.483608313890800900E+001  -0.271032352447509766E+002  -0.273055934906005859E+002   1
   0.631525057219728958E+000   0.109715262982446262E+003   0.476961400847380901E+001  -0.270148735046386719E+002  -0.272990779876708984E+002   1
   0.266986188821791204E+000   0.112620087925641570E+003   0.512083731106095463E+001  -0.268456134796142578E+002  -0.272927246093750000E+002   1
   0.206975899499495020E+000   0.115046856328181136E+003   0.516238218913125113E+001  -0.259642047882080078E+002  -0.272742462158203125E+002   1
   0.616525364725604041E+000   0.979797914793291511E+002   0.479156864302140928E+001  -0.268128433227539062E+002  -0.288716564178466797E+002   1
   0.566834694442204023E+000   0.959604605005612825E+002   0.485047185866579333E+001  -0.268972759246826172E+002  -0.277801151275634766E+002   1
   0.585090266707428586E+000   0.912836700469886750E+002   0.484278273778274571E+001  -0.262041759490966797E+002  -0.275013160705566406E+002   1
   0.639964817080937109E+000   0.872877582576017232E+002   0.480519015303380748E+001  -0.269132766723632812E+002  -0.313520774841308594E+002   1
   0.578427644107738725E+000   0.872302143225163746E+002   0.482417151453075377E+001  -0.269346275329589844E+002  -0.277473258972167969E+002   1
   0.715492564832220901E+000   0.899571808655989855E+002   0.476611792441998894E+001  -0.268145179748535156E+002  -0.275851097106933594E+002   1
   0.658121132173459467E+000   0.931764572220088496E+002   0.480715266003566200E+001  -0.264922370910644531E+002  -0.273934345245361328E+002   1
   0.494420637006977137E+000   0.944513838758208806E+002   0.491060568078581117E+001  -0.269634418487548828E+002  -0.283988094329833984E+002   1
   0.556804579038415626E+000   0.903819723950188916E+002   0.490548016491425720E+001  -0.270171813964843750E+002  -0.280848045349121094E+002   1
   0.454667284348647227E+000   0.897817669294074818E+002   0.492283646312795931E+001  -0.262052268981933594E+002  -0.278552932739257812E+002   1
   0.472448455110373144E+000   0.949072633911695505E+002   0.497144038938652066E+001  -0.270475006103515625E+002  -0.277234802246093750E+002   1
   0.510410811759186789E+000   0.929781953827255023E+002   0.491778610892268908E+001  -0.251462135314941406E+002  -0.276491146087646484E+002   1
   0.377830161635225925E+000   0.902263633940273735E+002   0.501715618384621820E+001  -0.272448196411132812E+002  -0.275413017272949219E+002   1
   0.482418851176926289E+000   0.880452247386146780E+002   0.489859346360019554E+001  -0.270407066345214844E+002  -0.274832172393798828E+002   1
   0.491126510549577622E+000   0.768291389342722937E+002   0.491857240819458408E+001  -0.256395683288574219E+002  -0.283998641967773438E+002   1
   0.422786825770163466E+000   0.963750953725124759E+002   0.500036705282199812E+001  -0.270408611297607422E+002  -0.273697948455810547E+002   1
   0.463984193509198617E+000   0.102409063955166971E+003   0.497380978636981652E+001  -0.264528961181640625E+002  -0.273183574676513672E+002   1
   0.481732804691061278E+000   0.989265719793370124E+002   0.492648742180854704E+001  -0.255304088592529297E+002  -0.272710456848144531E+002   1
   0.484440234818048543E+000   0.925638025593281668E+002   0.494151435593678023E+001  -0.260152015686035156E+002  -0.272594966888427734E+002   1
   0.782030466622210985E+000   0.952026244387563167E+002   0.471801976017539459E+001  -0.271036758422851562E+002  -0.284232254028320312E+002   1
   0.776425124874065453E+000   0.100332771988363845E+003   0.468470006878446288E+001  -0.265563774108886719E+002  -0.278051261901855469E+002   1
   0.765429673664284715E+000   0.916627673649329608E+002   0.471433878839349063E+001  -0.270432891845703125E+002  -0.274635467529296875E+002   1
   0.915272984457511596E+000   0.953172074978205046E+002   0.461017257128170055E+001  -0.264034500122070312E+002  -0.296242980957031250E+002   1
   0.778930276535559463E+000   0.861804048544775014E+002   0.467307478646367613E+001  -0.271440696716308594E+002  -0.283901920318603516E+002   1
   0.531188021525573872E+000   0.128943344289375148E+003   0.488574749535693265E+001  -0.268852272033691406E+002  -0.287499389648437500E+002   1
   0.466899778283756284E+000   0.123883505574125380E+003   0.493471345722661070E+001  -0.266858501434326172E+002  -0.277224750518798828E+002   1
   0.488476802809656718E+000   0.128363073672907831E+003   0.496135760131857850E+001  -0.268927764892578125E+002  -0.275601215362548828E+002   1
   0.508349245830176266E+000   0.128220452548957269E+003   0.492079189924684890E+001  -0.271888446807861328E+002  -0.274410133361816406E+002   1
   0.513108951284965142E+000   0.121570821040601061E+003   0.489085740005645153E+001  -0.269924602508544922E+002  -0.274089241027832031E+002   1
   0.447749597548990630E+000   0.124228255679722153E+003   0.497451805501801836E+001  -0.267519855499267578E+002  -0.273952999114990234E+002   1
   0.278456360101699829E+000   0.118398163318634033E+003   0.508954169750213570E+001  -0.271345672607421875E+002  -0.546174850463867188E+002   1
   0.178866244057146906E+000   0.121011752082763110E+003   0.519679750800135576E+001  -0.257412948608398438E+002  -0.310368347167968750E+002   1
   0.272927043647936740E+000   0.127711787061493609E+003   0.510383094745404353E+001  -0.262541904449462891E+002  -0.285342864990234375E+002   1
   0.171844826019595387E+000   0.122559777425952802E+003   0.518718665921584865E+001  -0.263870315551757812E+002  -0.281986713409423828E+002   1
   0.207065201038612479E+000   0.125055966390345148E+003   0.519257059310423408E+001  -0.265711097717285156E+002  -0.279286346435546875E+002   1
   0.286401915736812562E+000   0.124774274189851724E+003   0.513306937812354125E+001  -0.272075748443603516E+002  -0.277376728057861328E+002   1
   0.274642271822151507E+000   0.126428414444873809E+003   0.513824205267345668E+001  -0.268293304443359375E+002  -0.275919017791748047E+002   1
   0.238718327693553112E+000   0.131555018540063202E+003   0.517483065255848462E+001  -0.264419021606445312E+002  -0.292232189178466797E+002   1
   0.169636813980147239E+000   0.134454335809085961E+003   0.518562860423813543E+001  -0.259080963134765625E+002  -0.291375865936279297E+002   1
   0.288014372617593162E+000   0.137083528046456621E+003   0.511305723795330014E+001  -0.266230602264404297E+002  -0.291338653564453125E+002   1
   0.198025837038080299E+000   0.135835036752878011E+003   0.519572380778614473E+001  -0.264282093048095703E+002  -0.281828556060791016E+002   1
   0.330274814670239947E+000   0.132111050857826712E+003   0.505347629163689938E+001  -0.272264976501464844E+002  -0.275792102813720703E+002   1
   0.281273647952146544E+000   0.126572043661399348E+003   0.510635534614708764E+001  -0.267046432495117188E+002  -0.275790843963623047E+002   1
   0.240204912948878024E+000   0.119162364647792657E+003   0.513006219007378217E+001  -0.269227333068847656E+002  -0.272927017211914062E+002   1
