2.612847319375324329e+00
2.011386360552610331e+00
1.594668195249255405e+00
1.277159518639155777e+00
1.055669998684118704e+00
8.913114525653010878e-01
7.553974522348272380e-01
6.362517184083256172e-01
5.451395077912863929e-01
4.701607546007505190e-01
4.218871337929345211e-01
3.746982100785416492e-01
3.269244669925466806e-01
2.935529810859020539e-01
2.633747730256840169e-01
2.361526345240108626e-01
2.142221317663215996e-01
1.925197776466336386e-01
1.776681123303374688e-01
1.584583440470596349e-01
9.427307485029589040e-01
4.471952811704233421e-01
1.349484140884881500e-01
3.148326757459789238e-02
-8.374219630372795042e-02
-1.658728817284229606e-01
-1.697091724797810397e-01
-1.808693929995278948e-01
-2.030259660552605483e-01
-1.696999300602468064e-01
-1.606012859366032219e-01
-1.613701024508978343e-01
-1.581502606853879001e-01
-1.517949678455671192e-01
-1.496602538856250386e-01
-1.363687717698172097e-01
-1.278139808454926418e-01
-1.173018375626946330e-01
-1.138718881044989972e-01
-1.046965920185227994e-01
