0.09 7.924361448444284 
0.09 7.9244
0.09179999999999999 7.916312023902278 
0.09179999999999999 7.9163
0.0936 7.848083029675603 
0.0936 7.8481
0.0954 7.7627714734333715 
0.0954 7.7628
0.0972 7.707612335427027 
0.0972 7.7076
0.099 7.653096586922924 
0.099 7.6531
0.1008 7.619842654130021 
0.1008 7.6198
0.1026 7.597209550168745 
0.1026 7.5972
0.10439999999999999 7.563420950730258 
0.10439999999999999 7.5634
0.1062 7.528765162060814 
0.1062 7.5288
0.108 7.500587693740673 
0.108 7.5006
0.10980000000000001 7.451544310857356 
0.10980000000000001 7.4515
0.1116 7.431856766391919 
0.1116 7.4319
0.1134 7.380432406030559 
0.1134 7.3804
0.1152 7.359253932767873 
0.1152 7.3593
0.117 7.38349748322691 
0.117 7.3835
0.1188 7.381091257603239 
0.1188 7.3811
0.1206 7.415569179399523 
0.1206 7.4156
0.12240000000000001 7.4749422904223515 
0.12240000000000001 7.4749
0.1242 7.493426857774111 
0.1242 7.4934
0.126 7.534321888029551 
0.126 7.5343
0.1278 7.5489736024765595 
0.1278 7.549
0.1296 7.595021347666614 
0.1296 7.595
0.13140000000000002 7.66081801091649 
0.13140000000000002 7.6608
0.1332 7.746548359032415 
0.1332 7.7465
0.135 7.8527709972119535 
0.135 7.8528
#the total LRG SHAM costs 2932.97 s 
