   0.141723752021789551E+000   0.144965193271636963E+003   0.399228560924530029E+001  -0.135762121582031250E+004  -0.100000000000000002E+101  -0.460515351937698814E+001    1
   0.125569850206375122E+000   0.100194296836853027E+003   0.401154397726058942E+001  -0.133039978027343750E+004  -0.100000000000000002E+101  -0.461515351937698259E+001    1
   0.194855034351348877E-001   0.738632774353027344E+002   0.410709764957427925E+001  -0.124022229003906250E+004  -0.100000000000000002E+101  -0.462515351937698149E+001    1
   0.268588960170745850E-001   0.142961481809616089E+003   0.416000415086746234E+001  -0.116613378906250000E+004  -0.100000000000000002E+101  -0.463515351937698661E+001    1
   0.185678750276565552E+000   0.625674045085906982E+002   0.411376736164092982E+001  -0.975051330566406250E+003  -0.100000000000000002E+101  -0.464515351937698728E+001    1
   0.166342407464981079E+000   0.150130549669265747E+003   0.433619885444641096E+001  -0.736558471679687500E+003  -0.100000000000000002E+101  -0.465515351937698174E+001    1
   0.536998063325881958E+000   0.117783442735671997E+003   0.385596948862075806E+001  -0.434771850585937500E+003  -0.100000000000000002E+101  -0.466515351937698153E+001    1
   0.320710390806198120E+000   0.869513249397277832E+002   0.435181336402893049E+001  -0.377010375976562500E+003  -0.100000000000000002E+101  -0.467515351937698398E+001    1
   0.365744531154632568E-001   0.120587751865386963E+003   0.468695930242538417E+001  -0.329183410644531250E+003  -0.100000000000000002E+101  -0.468515351937698377E+001    1
   0.610559284687042236E+000   0.140505210161209106E+003   0.398985155820846549E+001  -0.312387878417968750E+003  -0.100000000000000002E+101  -0.469515351937698444E+001    1
   0.594247281551361084E+000   0.629080092906951904E+002   0.399792776107788050E+001  -0.279708892822265625E+003  -0.100000000000000002E+101  -0.470515351937698423E+001    1
   0.410966426134109497E+000   0.155025587081909180E+003   0.440744163990020699E+001  -0.264432861328125000E+003  -0.100000000000000002E+101  -0.471515351937698135E+001    1
   0.203633174300193787E+001   0.892040646076202393E+002   0.519895491600036586E+001  -0.250763641357421875E+003  -0.100000000000000002E+101  -0.472515351937698025E+001    1
   0.819633901119232178E-001   0.958274757862091064E+002   0.475451433658599854E+001  -0.248039306640625000E+003  -0.100000000000000002E+101  -0.473515351937698448E+001    1
   0.173569917678833008E+000   0.131765148639678955E+003   0.470995740890502912E+001  -0.245794616699218750E+003  -0.377010375976562500E+003  -0.474515351937698782E+001    1
   0.559586286544799805E+000   0.970507180690765381E+002   0.414800345897674561E+001  -0.241244277954101562E+003  -0.100000000000000002E+101  -0.475515351937698494E+001    1
   0.236108496785163879E+001   0.138155130147933960E+003   0.514555249214172328E+001  -0.227262924194335938E+003  -0.100000000000000002E+101  -0.476515351937698117E+001    1
   0.218136757612228394E+000   0.135670778751373291E+003   0.470197274684905953E+001  -0.225262222290039062E+003  -0.100000000000000002E+101  -0.477515351937698451E+001    1
   0.203033491969108582E+001   0.898512995243072510E+002   0.514740442037582380E+001  -0.222167449951171875E+003  -0.100000000000000002E+101  -0.478515351937698341E+001    1
   0.815669447183609009E+000   0.130555078983306885E+003   0.387553710937499973E+001  -0.218759017944335938E+003  -0.100000000000000002E+101  -0.479515351937697876E+001    1
   0.203936725854873657E+001   0.837578690052032471E+002   0.512633643150329554E+001  -0.217432754516601562E+003  -0.100000000000000002E+101  -0.480515351937698032E+001    1
   0.166009202599525452E+001   0.655524647235870361E+002   0.516492351293563789E+001  -0.217154510498046875E+003  -0.100000000000000002E+101  -0.481515351937698277E+001    1
   0.209534168243408203E-001   0.664674019813537598E+002   0.485941493511199951E+001  -0.197529907226562500E+003  -0.100000000000000002E+101  -0.482515351937698345E+001    1
   0.901081115007400513E+000   0.650586223602294922E+002   0.380329730510711661E+001  -0.185128707885742188E+003  -0.100000000000000002E+101  -0.483515351937698323E+001    1
   0.231766179203987122E+001   0.101259723901748657E+003   0.503460410833358729E+001  -0.184275375366210938E+003  -0.736558471679687500E+003  -0.484515351937698480E+001    1
   0.601231455802917480E+000   0.157018450498580933E+003   0.428373395204544050E+001  -0.183858459472656250E+003  -0.100000000000000002E+101  -0.485515351937698814E+001    1
   0.185802891850471497E+001   0.773072755336761475E+002   0.507053633928298897E+001  -0.183578964233398438E+003  -0.100000000000000002E+101  -0.486515351937698437E+001    1
   0.144902363419532776E+001   0.639222598075866699E+002   0.510107400417327828E+001  -0.171939239501953125E+003  -0.100000000000000002E+101  -0.487515351937698149E+001    1
   0.169893801212310791E+000   0.104097858667373657E+003   0.479598875045776296E+001  -0.171088775634765625E+003  -0.312387878417968750E+003  -0.488515351937698572E+001    1
   0.661235600709915161E+000   0.103397378921508789E+003   0.416827820539474470E+001  -0.169514678955078125E+003  -0.100000000000000002E+101  -0.489515351937698817E+001    1
   0.125758901238441467E+001   0.758228337764739990E+002   0.511104753017425484E+001  -0.157086318969726562E+003  -0.100000000000000002E+101  -0.490515351937698973E+001    1
   0.216023996472358704E+001   0.127398732900619507E+003   0.496758196353912318E+001  -0.153830398559570312E+003  -0.100000000000000002E+101  -0.491515351937698775E+001    1
   0.375409573316574097E+000   0.128438684940338135E+003   0.460068387985229421E+001  -0.152023941040039062E+003  -0.100000000000000002E+101  -0.492515351937698220E+001    1
   0.108405023813247681E+001   0.117080870866775513E+003   0.515563391447067243E+001  -0.151422424316406250E+003  -0.279708892822265625E+003  -0.493515351937698199E+001    1
   0.248467236757278442E+001   0.659015810489654541E+002   0.489199820756912196E+001  -0.149045425415039062E+003  -0.100000000000000002E+101  -0.494515351937698799E+001    1
   0.113304466009140015E+001   0.156133422851562500E+003   0.383462120294570896E+001  -0.148630935668945312E+003  -0.100000000000000002E+101  -0.495515351937699045E+001    1
   0.750060677528381348E+000   0.696798241138458252E+002   0.411691654920578021E+001  -0.145040893554687500E+003  -0.100000000000000002E+101  -0.496515351937698846E+001    1
   0.218958139419555664E+001   0.153030989170074463E+003   0.493771003484725934E+001  -0.143123291015625000E+003  -0.100000000000000002E+101  -0.497515351937698824E+001    1
   0.213420227169990540E+001   0.155203435420989990E+003   0.493245140314102137E+001  -0.138081588745117188E+003  -0.116613378906250000E+004  -0.498515351937698359E+001    1
   0.127343669533729553E+001   0.156007603406906128E+003   0.381521914005279505E+001  -0.134243652343750000E+003  -0.100000000000000002E+101  -0.499515351937698426E+001    1
   0.217183277010917664E+001   0.134362611770629883E+003   0.488145666122436506E+001  -0.123662841796875000E+003  -0.264432861328125000E+003  -0.500515351937698583E+001    1
   0.707043856382369995E+000   0.945738887786865234E+002   0.425301312208175641E+001  -0.119513648986816406E+003  -0.100000000000000002E+101  -0.501515351937698384E+001    1
   0.506644845008850098E+000   0.695048844814300537E+002   0.447594546079635602E+001  -0.118949218750000000E+003  -0.248039306640625000E+003  -0.502515351937698451E+001    1
   0.197099894285202026E+001   0.136479393243789673E+003   0.487153979539871163E+001  -0.114654510498046875E+003  -0.152023941040039062E+003  -0.503515351937698608E+001    1
   0.147600516676902771E+001   0.963187313079833984E+002   0.495189085006713814E+001  -0.113741889953613281E+003  -0.123662841796875000E+003  -0.504515351937698409E+001    1
   0.128913760185241699E+001   0.882252728939056396E+002   0.497106410264968801E+001  -0.109320671081542969E+003  -0.100000000000000002E+101  -0.505515351937698298E+001    1
   0.187525466084480286E+001   0.151731405258178711E+003   0.485515832901000977E+001  -0.107959251403808594E+003  -0.148630935668945312E+003  -0.506515351937698455E+001    1
   0.131494387984275818E+001   0.151320013999938965E+003   0.496458848714828438E+001  -0.106546958923339844E+003  -0.100000000000000002E+101  -0.507515351937697989E+001    1
   0.863667130470275879E+000   0.118437538146972656E+003   0.510018713474273611E+001  -0.100619400024414062E+003  -0.134243652343750000E+003  -0.508515351937698501E+001    1
   0.805421322584152222E+000   0.142366234064102173E+003   0.512070904970169050E+001  -0.983987960815429688E+002  -0.197529907226562500E+003  -0.509515351937699013E+001    1
   0.249367743730545044E+001   0.842901921272277832E+002   0.473161820173263514E+001  -0.977930221557617188E+002  -0.100000000000000002E+101  -0.510515351937699080E+001    1
   0.197443604469299316E+001   0.133789179325103760E+003   0.481165683269500732E+001  -0.966980133056640625E+002  -0.143123291015625000E+003  -0.511515351937698348E+001    1
   0.140857666730880737E+001   0.934293723106384277E+002   0.489852222204208321E+001  -0.953626480102539062E+002  -0.100000000000000002E+101  -0.512515351937698238E+001    1
   0.134474053978919983E+001   0.656124269962310791E+002   0.489011456966400093E+001  -0.930093383789062500E+002  -0.100000000000000002E+101  -0.513515351937698394E+001    1
   0.110096469521522522E+001   0.108137593269348145E+003   0.399933383464813197E+001  -0.928294372558593750E+002  -0.118949218750000000E+003  -0.514515351937697751E+001    1
   0.102860689163208008E+001   0.110927233695983887E+003   0.408177998065948433E+001  -0.916937408447265625E+002  -0.100000000000000002E+101  -0.515515351937698085E+001    1
   0.106864407658576965E+001   0.111543474197387695E+003   0.498601980209350515E+001  -0.905043640136718750E+002  -0.225262222290039062E+003  -0.516515351937698330E+001    1
   0.232876107096672058E+001   0.140941742658615112E+003   0.471920570135116524E+001  -0.861639633178710938E+002  -0.100000000000000002E+101  -0.517515351937698220E+001    1
   0.713251829147338867E+000   0.135141012668609619E+003   0.441250041723251307E+001  -0.848387222290039062E+002  -0.106546958923339844E+003  -0.518515351937698643E+001    1
   0.115153133869171143E+001   0.618802642822265625E+002   0.490395008325576764E+001  -0.829828948974609375E+002  -0.100000000000000002E+101  -0.519515351937698533E+001    1
   0.123735919594764709E+001   0.127715215682983398E+003   0.400409854650497454E+001  -0.819603347778320312E+002  -0.977930221557617188E+002  -0.520515351937697623E+001    1
   0.206683799624443054E+001   0.116029450893402100E+003   0.473566519021987897E+001  -0.815960617065429688E+002  -0.250763641357421875E+003  -0.521515351937698224E+001    1
   0.132999926805496216E+001   0.127203211784362793E+003   0.396292370557785034E+001  -0.800354537963867188E+002  -0.100000000000000002E+101  -0.522515351937697670E+001    1
   0.155170455574989319E+001   0.126681337356567383E+003   0.386098403930664036E+001  -0.782445068359375000E+002  -0.157086318969726562E+003  -0.523515351937698092E+001    1
   0.169714480638504028E+001   0.151544747352600098E+003   0.475889035463333077E+001  -0.771575469970703125E+002  -0.953626480102539062E+002  -0.524515351937698071E+001    1
   0.161933407187461853E+001   0.152677205801010132E+003   0.394511989355087245E+001  -0.761955871582031250E+002  -0.100000000000000002E+101  -0.525515351937698583E+001    1
   0.506283193826675415E+000   0.157965031862258911E+003   0.467985199689865095E+001  -0.734057998657226562E+002  -0.100000000000000002E+101  -0.526515351937698739E+001    1
   0.175356984138488770E+001   0.852959072589874268E+002   0.471826509237289393E+001  -0.696274948120117188E+002  -0.100000000000000002E+101  -0.527515351937698007E+001    1
   0.195890083909034729E+001   0.116863659620285034E+003   0.468858166933059639E+001  -0.683040313720703125E+002  -0.771575469970703125E+002  -0.528515351937697542E+001    1
   0.617474168539047241E+000   0.156341234445571899E+003   0.510291942358016914E+001  -0.681871185302734375E+002  -0.124022229003906250E+004  -0.529515351937697609E+001    1
   0.931797772645950317E+000   0.998931801319122314E+002   0.425995562076568568E+001  -0.673199768066406250E+002  -0.100000000000000002E+101  -0.530515351937697677E+001    1
   0.167131394147872925E+001   0.811240351200103760E+002   0.472160645723342842E+001  -0.670783538818359375E+002  -0.109320671081542969E+003  -0.531515351937698188E+001    1
   0.129750579595565796E+001   0.771703696250915527E+002   0.401170302629470843E+001  -0.669152526855468750E+002  -0.928294372558593750E+002  -0.532515351937698078E+001    1
   0.235702455043792725E+001   0.635416364669799805E+002   0.459110956192016584E+001  -0.650826187133789062E+002  -0.100000000000000002E+101  -0.533515351937697613E+001    1
   0.136974453926086426E+001   0.109353206157684326E+003   0.477639935016632045E+001  -0.640377883911132812E+002  -0.171088775634765625E+003  -0.534515351937697680E+001    1
   0.439599752426147461E+000   0.132904527187347412E+003   0.473695302009582520E+001  -0.623739700317382812E+002  -0.100000000000000002E+101  -0.535515351937698103E+001    1
   0.224168017506599426E+001   0.136830059289932251E+003   0.460030995607376081E+001  -0.604193191528320312E+002  -0.100000000000000002E+101  -0.536515351937698171E+001    1
   0.203829243779182434E+001   0.605066812038421631E+002   0.460130096673965383E+001  -0.603786430358886719E+002  -0.623739700317382812E+002  -0.537515351937698238E+001    1
   0.118930593132972717E+001   0.138838706016540527E+003   0.481377912759780813E+001  -0.599251518249511719E+002  -0.100000000000000002E+101  -0.538515351937698128E+001    1
   0.184922873973846436E+001   0.153504142761230469E+003   0.464995878934860229E+001  -0.595426712036132812E+002  -0.848387222290039062E+002  -0.539515351937698018E+001    1
   0.309937596321105957E+000   0.900357758998870850E+002   0.486587461233138985E+001  -0.593638458251953125E+002  -0.604193191528320312E+002  -0.540515351937698263E+001    1
   0.134536623954772949E+001   0.115202066898345947E+003   0.475283981561660696E+001  -0.587057113647460938E+002  -0.217432754516601562E+003  -0.541515351937698153E+001    1
   0.213933810591697693E+001   0.812067306041717529E+002   0.459438199996948171E+001  -0.585099105834960938E+002  -0.434771850585937500E+003  -0.542515351937697865E+001    1
   0.203583329916000366E+001   0.653909718990325928E+002   0.459231694936752266E+001  -0.584265823364257812E+002  -0.100000000000000002E+101  -0.543515351937697933E+001    1
   0.209700122475624084E+001   0.842629885673522949E+002   0.459630427360534632E+001  -0.582791671752929688E+002  -0.100000000000000002E+101  -0.544515351937698178E+001    1
   0.145292967557907104E+001   0.140049896240234375E+003   0.410185662508010829E+001  -0.576942405700683594E+002  -0.761955871582031250E+002  -0.545515351937698245E+001    1
   0.159736976027488708E+001   0.725030577182769775E+002   0.391002154350280762E+001  -0.576195259094238281E+002  -0.145040893554687500E+003  -0.546515351937698401E+001    1
   0.141318917274475098E+001   0.959507799148559570E+002   0.402501975297927839E+001  -0.559253273010253906E+002  -0.100000000000000002E+101  -0.547515351937698025E+001    1
   0.757674276828765869E+000   0.146120837926864624E+003   0.452729526758193934E+001  -0.558092536926269531E+002  -0.113741889953613281E+003  -0.548515351937698004E+001    1
   0.461295694112777710E+000   0.801010644435882568E+002   0.515811628103256226E+001  -0.558021049499511719E+002  -0.218759017944335938E+003  -0.549515351937697805E+001    1
   0.185594156384468079E+001   0.125240645408630371E+003   0.463904114961624092E+001  -0.554294319152832031E+002  -0.558092536926269531E+002  -0.550515351937697694E+001    1
   0.200272947549819946E+000   0.137368146181106567E+003   0.500813229084014822E+001  -0.548441619873046875E+002  -0.107959251403808594E+003  -0.551515351937698295E+001    1
   0.620570331811904907E+000   0.150699279308319092E+003   0.465212072134017873E+001  -0.546174850463867188E+002  -0.669152526855468750E+002  -0.552515351937698185E+001    1
   0.106669098138809204E+001   0.132545832395553589E+003   0.430037251710891688E+001  -0.542602119445800781E+002  -0.100000000000000002E+101  -0.553515351937698163E+001    1
   0.174213781952857971E+001   0.137909696102142334E+003   0.399908766746520961E+001  -0.540120315551757812E+002  -0.100000000000000002E+101  -0.554515351937698142E+001    1
   0.650956034660339355E+000   0.125388947725296021E+003   0.457754817008972115E+001  -0.532584114074707031E+002  -0.696274948120117188E+002  -0.555515351937698032E+001    1
   0.162495538592338562E+001   0.916038846969604492E+002   0.466392931938171351E+001  -0.524178085327148438E+002  -0.133039978027343750E+004  -0.556515351937698544E+001    1
   0.788182169198989868E+000   0.120237163305282593E+003   0.446058129072189313E+001  -0.513920593261718750E+002  -0.100000000000000002E+101  -0.557515351937698611E+001    1
   0.181707501411437988E+001   0.129285917282104492E+003   0.460631960630416870E+001  -0.506357421875000000E+002  -0.930093383789062500E+002  -0.558515351937698146E+001    1
   0.149932637810707092E+001   0.102610579729080200E+003   0.467691551446914655E+001  -0.505468330383300781E+002  -0.584265823364257812E+002  -0.559515351937697680E+001    1
   0.116760611534118652E+001   0.156476358175277710E+003   0.438211070299148542E+001  -0.505221252441406250E+002  -0.599251518249511719E+002  -0.560515351937697748E+001    1
   0.928822159767150879E+000   0.863520002365112305E+002   0.435798815488815272E+001  -0.498950233459472656E+002  -0.800354537963867188E+002  -0.561515351937697904E+001    1
   0.120481222867965698E+001   0.120404276847839355E+003   0.421737779378891009E+001  -0.498908882141113281E+002  -0.100000000000000002E+101  -0.562515351937698060E+001    1
   0.573355108499526978E+000   0.739013230800628662E+002   0.462484765052795410E+001  -0.497085685729980469E+002  -0.100000000000000002E+101  -0.563515351937698039E+001    1
   0.848914980888366699E+000   0.708000695705413818E+002   0.488059808015823293E+001  -0.496172218322753906E+002  -0.100000000000000002E+101  -0.564515351937698284E+001    1
   0.108066052198410034E+001   0.748300588130950928E+002   0.478509948253631556E+001  -0.492845916748046875E+002  -0.819603347778320312E+002  -0.565515351937698085E+001    1
   0.168045818805694580E+001   0.681141233444213867E+002   0.396583640575408936E+001  -0.492106781005859375E+002  -0.100000000000000002E+101  -0.566515351937697975E+001    1
   0.248151436448097229E+001   0.122075179815292358E+003   0.380353596210479727E+001  -0.488524589538574219E+002  -0.100000000000000002E+101  -0.567515351937697954E+001    1
   0.238544330000877380E+001   0.144595054388046265E+003   0.398108867406845057E+001  -0.480343208312988281E+002  -0.135762121582031250E+004  -0.568515351937697666E+001    1
   0.180709972977638245E+001   0.114862439632415771E+003   0.458754973411560041E+001  -0.473567581176757812E+002  -0.554294319152832031E+002  -0.569515351937697734E+001    1
   0.210011839866638184E+001   0.128671703338623047E+003   0.394076532125473022E+001  -0.467785987854003906E+002  -0.100000000000000002E+101  -0.570515351937697890E+001    1
   0.149718463420867920E+001   0.628831422328948975E+002   0.461849561929702723E+001  -0.465782966613769531E+002  -0.559253273010253906E+002  -0.571515351937697780E+001    1
   0.129296898841857910E+001   0.112047753334045410E+003   0.471393839120864833E+001  -0.464909782409667969E+002  -0.100000000000000002E+101  -0.572515351937697403E+001    1
   0.167453601956367493E+001   0.679844892024993896E+002   0.399478374719619733E+001  -0.464482307434082031E+002  -0.587057113647460938E+002  -0.573515351937697382E+001    1
   0.136065602302551270E+001   0.155453351736068726E+003   0.432628949880599922E+001  -0.455035209655761719E+002  -0.184275375366210938E+003  -0.574515351937697805E+001    1
   0.504055321216583252E+000   0.956125354766845703E+002   0.472494114637374807E+001  -0.454570159912109375E+002  -0.100000000000000002E+101  -0.575515351937698227E+001    1
   0.204409644007682800E+001   0.870762443542480469E+002   0.451873474121093732E+001  -0.448358001708984375E+002  -0.169514678955078125E+003  -0.576515351937698384E+001    1
   0.570545941591262817E+000   0.154176054000854492E+003   0.501839487552642805E+001  -0.444500999450683594E+002  -0.905043640136718750E+002  -0.577515351937697918E+001    1
   0.121735036373138428E+001   0.628952479362487793E+002   0.423192869424819929E+001  -0.441527481079101562E+002  -0.640377883911132812E+002  -0.578515351937698075E+001    1
   0.248448029160499573E+001   0.158521405458450317E+003   0.422075821161270159E+001  -0.438599624633789062E+002  -0.975051330566406250E+003  -0.579515351937698409E+001    1
   0.148410931229591370E+001   0.912496423721313477E+002   0.463117731809616018E+001  -0.436873512268066406E+002  -0.916937408447265625E+002  -0.580515351937698565E+001    1
   0.802741128503642321E+000   0.123419687728402806E+003   0.452137100521683521E+001  -0.432704696655273438E+002  -0.464482307434082031E+002  -0.581515351937698366E+001    1
   0.185246124863624573E+001   0.156480298042297363E+003   0.443572733402252162E+001  -0.428558349609375000E+002  -0.670783538818359375E+002  -0.582515351937698256E+001    1
   0.212140753865242004E+001   0.137684187889099121E+003   0.406488131284713727E+001  -0.427063293457031250E+002  -0.100000000000000002E+101  -0.583515351937698412E+001    1
   0.238053739070892334E+001   0.153289732933044434E+003   0.437446641921997070E+001  -0.424164199829101562E+002  -0.100000000000000002E+101  -0.584515351937698391E+001    1
   0.990712642669677734E+000   0.145162013769149780E+003   0.476583385467529297E+001  -0.424134941101074219E+002  -0.100000000000000002E+101  -0.585515351937697837E+001    1
   0.163048893213272095E+001   0.613950884342193604E+002   0.454841824769973702E+001  -0.421861572265625000E+002  -0.100000000000000002E+101  -0.586515351937697371E+001    1
   0.192923069000244141E+001   0.111937651634216309E+003   0.401134303808212245E+001  -0.417868995666503906E+002  -0.595426712036132812E+002  -0.587515351937697705E+001    1
   0.125861746845765482E+000   0.688053444557826737E+002   0.512188335025030028E+001  -0.417364463806152344E+002  -0.496172218322753906E+002  -0.588515351937697684E+001    1
   0.167741371494208258E+000   0.813042593928204695E+002   0.507029350187543049E+001  -0.416405715942382812E+002  -0.417364463806152344E+002  -0.589515351937697751E+001    1
   0.852295607328414917E+000   0.928785181045532227E+002   0.483653774261474556E+001  -0.415200538635253906E+002  -0.100619400024414062E+003  -0.590515351937697286E+001    1
   0.180797442793846130E+001   0.780595576763153076E+002   0.402650835514068550E+001  -0.414625320434570312E+002  -0.673199768066406250E+002  -0.591515351937697531E+001    1
   0.188030540943145752E+001   0.111051086187362671E+003   0.402164492607116664E+001  -0.413492774963378906E+002  -0.603786430358886719E+002  -0.592515351937697687E+001    1
   0.795195549726486206E+000   0.139000407457351685E+003   0.486970872879028249E+001  -0.410728569030761719E+002  -0.100000000000000002E+101  -0.593515351937697400E+001    1
   0.206584110856056213E+001   0.150703785419464111E+003   0.439703460931777901E+001  -0.410280418395996094E+002  -0.100000000000000002E+101  -0.594515351937698000E+001    1
   0.168879018484155652E+001   0.146568169491239956E+003   0.425237477701691624E+001  -0.409934310913085938E+002  -0.498950233459472656E+002  -0.595515351937698156E+001    1
   0.226902633905410767E+001   0.890285587310791016E+002   0.443592268228530884E+001  -0.409458580017089844E+002  -0.683040313720703125E+002  -0.596515351937697336E+001    1
   0.108245387673377991E+001   0.961798882484436035E+002   0.432383391857147181E+001  -0.408248939514160156E+002  -0.241244277954101562E+003  -0.597515351937696959E+001    1
   0.176960257058341042E+001   0.125590873336070416E+003   0.412692903223529228E+001  -0.405443000793457031E+002  -0.488524589538574219E+002  -0.598515351937697559E+001    1
   0.133026853203773499E+001   0.125985912084579468E+003   0.426062461137771553E+001  -0.404669342041015625E+002  -0.100000000000000002E+101  -0.599515351937697627E+001    1
   0.248514160953502916E+001   0.106001887133228578E+003   0.389787684441813420E+001  -0.399871215820312500E+002  -0.416405715942382812E+002  -0.600515351937697517E+001    1
   0.835545808076858521E+000   0.149210397005081177E+003   0.460982235670089668E+001  -0.399539108276367188E+002  -0.185128707885742188E+003  -0.601515351937697851E+001    1
   0.346940597583422217E+000   0.899704211772620255E+002   0.518179764173772472E+001  -0.399240036010742188E+002  -0.506357421875000000E+002  -0.602515351937697829E+001    1
   0.104969668246440961E+001   0.933408178503204056E+002   0.473132658859774580E+001  -0.395900115966796875E+002  -0.415200538635253906E+002  -0.603515351937697453E+001    1
   0.879783182261621444E+000   0.127792633607877988E+003   0.481206846221350837E+001  -0.394699897766113281E+002  -0.467785987854003906E+002  -0.604515351937697520E+001    1
   0.163714230060577393E+001   0.149121502637863159E+003   0.443934540748596174E+001  -0.394054450988769531E+002  -0.576942405700683594E+002  -0.605515351937697410E+001    1
   0.499875545501708984E+000   0.137156972885131836E+003   0.479480113983154244E+001  -0.392568778991699219E+002  -0.650826187133789062E+002  -0.606515351937697478E+001    1
   0.440520316269272572E+000   0.787274588755270628E+002   0.509615642803806690E+001  -0.392490310668945312E+002  -0.399240036010742188E+002  -0.607515351937697723E+001    1
   0.710563659667968750E+000   0.144297883510589600E+003   0.467672141790389961E+001  -0.389885711669921875E+002  -0.171939239501953125E+003  -0.608515351937697790E+001    1
   0.176472283383436435E+001   0.894497983096392630E+002   0.450135830681381321E+001  -0.387871322631835938E+002  -0.421861572265625000E+002  -0.609515351937697769E+001    1
   0.174610510468482971E+001   0.606518661975860596E+002   0.444975360631942696E+001  -0.387709655761718750E+002  -0.227262924194335938E+003  -0.610515351937697481E+001    1
   0.610727220773696899E+000   0.155892226696014404E+003   0.482273552417755091E+001  -0.383423690795898438E+002  -0.100000000000000002E+101  -0.611515351937697282E+001    1
   0.242564901709556580E+001   0.118689236640930176E+003   0.437935162782668996E+001  -0.381040420532226562E+002  -0.119513648986816406E+003  -0.612515351937697528E+001    1
   0.998629927635192871E+000   0.150807235240936279E+003   0.461258752346038747E+001  -0.379121398925781250E+002  -0.681871185302734375E+002  -0.613515351937697417E+001    1
   0.109912549960931405E+001   0.706217034254548963E+002   0.468331735245655612E+001  -0.379111518859863281E+002  -0.408248939514160156E+002  -0.614515351937697485E+001    1
   0.237390600262945028E+001   0.127821622079989709E+003   0.399067677854526215E+001  -0.376030464172363281E+002  -0.409458580017089844E+002  -0.615515351937697819E+001    1
   0.122406229376792908E+001   0.976295208930969238E+002   0.465804750919341970E+001  -0.375208511352539062E+002  -0.100000000000000002E+101  -0.616515351937697620E+001    1
   0.169377372955498839E+001   0.616824834637096799E+002   0.412373946262906443E+001  -0.372673301696777344E+002  -0.492106781005859375E+002  -0.617515351937697776E+001    1
   0.393352245574159820E+000   0.116721232902264532E+003   0.512150907118812704E+001  -0.370038337707519531E+002  -0.387871322631835938E+002  -0.618515351937698288E+001    1
   0.152725823862458809E+001   0.144717339373676907E+003   0.437356335588227285E+001  -0.365711517333984375E+002  -0.427063293457031250E+002  -0.619515351937698000E+001    1
   0.130494946840963744E+001   0.117937747474701411E+003   0.462326991312468305E+001  -0.365666999816894531E+002  -0.410728569030761719E+002  -0.620515351937697535E+001    1
   0.375938564538955688E+000   0.107614461183547974E+003   0.489307783842086774E+001  -0.365562210083007812E+002  -0.138081588745117188E+003  -0.621515351937697247E+001    1
   0.104530528187751770E+001   0.122343299388885498E+003   0.467667427062988228E+001  -0.362149162292480469E+002  -0.100000000000000002E+101  -0.622515351937697314E+001    1
   0.244941094271567605E+001   0.110019023215070277E+003   0.395137832578035297E+001  -0.361942520141601562E+002  -0.465782966613769531E+002  -0.623515351937697559E+001    1
   0.114306613802909851E+001   0.128079346418380737E+003   0.442111026048660261E+001  -0.359951438903808594E+002  -0.100000000000000002E+101  -0.624515351937698071E+001    1
   0.211518281401342145E+001   0.114676913082704004E+003   0.405885524656915830E+001  -0.359935417175292969E+002  -0.405443000793457031E+002  -0.625515351937697694E+001    1
   0.169229085958753478E+001   0.748621148304946615E+002   0.410959459423296636E+001  -0.359704284667968750E+002  -0.424164199829101562E+002  -0.626515351937697407E+001    1
   0.235319425801165538E+001   0.126654963688409964E+003   0.434140395474076790E+001  -0.359563293457031250E+002  -0.365562210083007812E+002  -0.627515351937697385E+001    1
   0.200461372733116150E+001   0.862215971946716309E+002   0.406025512218475360E+001  -0.359083175659179688E+002  -0.966980133056640625E+002  -0.628515351937697986E+001    1
   0.350319594144821167E+000   0.695514774322509766E+002   0.513453613519668561E+001  -0.358928375244140625E+002  -0.100000000000000002E+101  -0.629515351937697432E+001    1
   0.151740953326225281E+001   0.114014617204666138E+003   0.424482293128967303E+001  -0.358167915344238281E+002  -0.585099105834960938E+002  -0.630515351937697766E+001    1
   0.540178351425433134E+000   0.802194473491638291E+002   0.474852298241707782E+001  -0.355071067810058594E+002  -0.438599624633789062E+002  -0.631515351937697567E+001    1
   0.222786500207846938E+001   0.138967101171646448E+003   0.413805162693693429E+001  -0.352520294189453125E+002  -0.362149162292480469E+002  -0.632515351937697190E+001    1
   0.208942366749911379E+001   0.103940593997992551E+003   0.402348447565472256E+001  -0.351776924133300781E+002  -0.480343208312988281E+002  -0.633515351937697790E+001    1
   0.851666941460741844E+000   0.124607705926848041E+003   0.457993590464545619E+001  -0.349884300231933594E+002  -0.375208511352539062E+002  -0.634515351937697858E+001    1
   0.219836905598640442E+001   0.793626582622528076E+002   0.403918997049331630E+001  -0.349833641052246094E+002  -0.576195259094238281E+002  -0.635515351937697659E+001    1
   0.124865742211212383E+001   0.130751454591333612E+003   0.455428729520518427E+001  -0.349809799194335938E+002  -0.359083175659179688E+002  -0.636515351937697371E+001    1
   0.153357535600662231E+000   0.774817860126495361E+002   0.515148103237152100E+001  -0.348744354248046875E+002  -0.100000000000000002E+101  -0.637515351937697350E+001    1
   0.167684044787672137E+001   0.122126389294561875E+003   0.445078109701041402E+001  -0.348034934997558594E+002  -0.417868995666503906E+002  -0.638515351937697861E+001    1
   0.185133412480354309E+001   0.647095954418182373E+002   0.440260850191116315E+001  -0.347881202697753906E+002  -0.329183410644531250E+003  -0.639515351937698195E+001    1
   0.117535427212715149E+001   0.134574577808380127E+003   0.461816600561141932E+001  -0.347228012084960938E+002  -0.149045425415039062E+003  -0.640515351937697730E+001    1
   0.517245829105377197E+000   0.686831092834472656E+002   0.498125225305557251E+001  -0.345071487426757812E+002  -0.100000000000000002E+101  -0.641515351937697620E+001    1
   0.689517259597778320E+000   0.140219191312789917E+003   0.471783200502395594E+001  -0.344724617004394531E+002  -0.183578964233398438E+003  -0.642515351937697776E+001    1
   0.119635596871376038E+001   0.136657891273498535E+003   0.443814436197280848E+001  -0.343934631347656250E+002  -0.782445068359375000E+002  -0.643515351937697222E+001    1
   0.217227816581726074E+001   0.119693038463592529E+003   0.439006423950195312E+001  -0.343891716003417969E+002  -0.734057998657226562E+002  -0.644515351937697556E+001    1
   0.135951519298921353E+001   0.119729255615698577E+003   0.454983408953076651E+001  -0.343699111938476562E+002  -0.348034934997558594E+002  -0.645515351937697535E+001    1
   0.365991080562823035E+000   0.130944914208687806E+003   0.493960281178490757E+001  -0.342175407409667969E+002  -0.343891716003417969E+002  -0.646515351937697513E+001    1
   0.153877094388008118E+001   0.104398945569992065E+003   0.423136476278305018E+001  -0.341965255737304688E+002  -0.100000000000000002E+101  -0.647515351937697048E+001    1
   0.203621879220008850E+001   0.843897140026092529E+002   0.404970748424530047E+001  -0.341699256896972656E+002  -0.524178085327148438E+002  -0.648515351937697559E+001    1
   0.112673148512840271E+001   0.946831381320953369E+002   0.437164492607116628E+001  -0.341307983398437500E+002  -0.100000000000000002E+101  -0.649515351937697538E+001    1
   0.214583050975577194E+001   0.100636096743390155E+003   0.435420984777413356E+001  -0.341155738830566406E+002  -0.358167915344238281E+002  -0.650515351937697694E+001    1
   0.102559775114059448E+001   0.843536531925201416E+002   0.443351958990097028E+001  -0.340919952392578125E+002  -0.151422424316406250E+003  -0.651515351937697318E+001    1
   0.191549047827720642E+001   0.703298008441925049E+002   0.437990888357162422E+001  -0.340848770141601562E+002  -0.100000000000000002E+101  -0.652515351937697652E+001    1
   0.141158583426706130E+001   0.995485217842579289E+002   0.426971940166469466E+001  -0.340385360717773438E+002  -0.381040420532226562E+002  -0.653515351937697631E+001    1
   0.174275606870651245E+001   0.128191832304000854E+003   0.431804214715957624E+001  -0.340093498229980469E+002  -0.100000000000000002E+101  -0.654515351937697609E+001    1
   0.148537253797481039E+001   0.822561609584220434E+002   0.420453698208000137E+001  -0.339793739318847656E+002  -0.349884300231933594E+002  -0.655515351937696966E+001    1
   0.218754482153223329E+001   0.107107420402687268E+003   0.437538956206229557E+001  -0.339490509033203125E+002  -0.395900115966796875E+002  -0.656515351937697567E+001    1
   0.217568710446357727E+001   0.133261839151382446E+003   0.414875230789184535E+001  -0.338671226501464844E+002  -0.183858459472656250E+003  -0.657515351937698256E+001    1
   0.174880683155337513E+001   0.117361848222981450E+003   0.420837455849862163E+001  -0.338592147827148438E+002  -0.410280418395996094E+002  -0.658515351937698501E+001    1
   0.475425456030140692E+000   0.836338158092914910E+002   0.502064279717735928E+001  -0.337271957397460938E+002  -0.347228012084960938E+002  -0.659515351937696881E+001    1
   0.656072199344635010E+000   0.620118176937103271E+002   0.486618052721023542E+001  -0.337110862731933594E+002  -0.558021049499511719E+002  -0.660515351937696948E+001    1
   0.167887760725990653E+001   0.122003233723702294E+003   0.447542236598487708E+001  -0.336767921447753906E+002  -0.436873512268066406E+002  -0.661515351937697371E+001    1
   0.564712473433237161E+000   0.152360237493980378E+003   0.485651114777785153E+001  -0.336540527343750000E+002  -0.387709655761718750E+002  -0.662515351937697705E+001    1
   0.945043957683179947E+000   0.134402573124155140E+003   0.462087545643417030E+001  -0.336304855346679688E+002  -0.343934631347656250E+002  -0.663515351937697861E+001    1
   0.180973121263676595E+001   0.114032770001260729E+003   0.417519871415031574E+001  -0.336019134521484375E+002  -0.394699897766113281E+002  -0.664515351937698107E+001    1
   0.152613967657089233E+000   0.149886093139648438E+003   0.514706128835678101E+001  -0.335435981750488281E+002  -0.100000000000000002E+101  -0.665515351937697286E+001    1
   0.179558290597188286E+001   0.922528708521870584E+002   0.412658487256904483E+001  -0.335313072204589844E+002  -0.394054450988769531E+002  -0.666515351937697353E+001    1
   0.117543272174231350E+001   0.126206537870279519E+003   0.458887193899310031E+001  -0.335254249572753906E+002  -0.505468330383300781E+002  -0.667515351937697510E+001    1
   0.146056771278381348E+001   0.897052741050720215E+002   0.453880696296691877E+001  -0.335013618469238281E+002  -0.540120315551757812E+002  -0.668515351937697488E+001    1
   0.208765992998883076E+001   0.137614336253452223E+003   0.420981763835601619E+001  -0.334828681945800781E+002  -0.340848770141601562E+002  -0.669515351937697734E+001    1
   0.208258650379437737E+001   0.120230081855191969E+003   0.434331722144600985E+001  -0.334667625427246094E+002  -0.399539108276367188E+002  -0.670515351937697446E+001    1
   0.183309996838327582E+001   0.636042495843436200E+002   0.435645256000835523E+001  -0.333336524963378906E+002  -0.409934310913085938E+002  -0.671515351937697247E+001    1
   0.215829168921976056E+001   0.131952887337218158E+003   0.430973250668685903E+001  -0.333168411254882812E+002  -0.404669342041015625E+002  -0.672515351937697314E+001    1
   0.248729420261951706E+001   0.129228521178276480E+003   0.411494556675867873E+001  -0.333140563964843750E+002  -0.428558349609375000E+002  -0.673515351937697382E+001    1
   0.178756132324368910E+001   0.787537006996824545E+002   0.439589296989479372E+001  -0.333096466064453125E+002  -0.335254249572753906E+002  -0.674515351937697183E+001    1
   0.247221744408693400E+001   0.129170421462018595E+003   0.413629635934318607E+001  -0.332779884338378906E+002  -0.335313072204589844E+002  -0.675515351937697428E+001    1
   0.182436434360837252E+001   0.853543544142271315E+002   0.411860065998533731E+001  -0.332514572143554688E+002  -0.339793739318847656E+002  -0.676515351937697584E+001    1
   0.102367952466011047E+001   0.731973087787628174E+002   0.445285956859588605E+001  -0.332240524291992188E+002  -0.100000000000000002E+101  -0.677515351937697829E+001    1
   0.209174513816833496E+001   0.111711821556091309E+003   0.410630532503127998E+001  -0.331334838867187500E+002  -0.245794616699218750E+003  -0.678515351937697098E+001    1
   0.172614682639177364E+001   0.948355748528641982E+002   0.442007971832822122E+001  -0.330553894042968750E+002  -0.338671226501464844E+002  -0.679515351937697432E+001    1
   0.195019362692021558E+001   0.111111200284920301E+003   0.439966708765823356E+001  -0.330160102844238281E+002  -0.333336524963378906E+002  -0.680515351937697410E+001    1
   0.177481236814200871E+001   0.117766439431489943E+003   0.419218870592098813E+001  -0.330082817077636719E+002  -0.341155738830566406E+002  -0.681515351937697567E+001    1
   0.976177263148763741E+000   0.968118114909798635E+002   0.443909401335555209E+001  -0.329963607788085938E+002  -0.359704284667968750E+002  -0.682515351937697723E+001    1
   0.192716345273982226E+001   0.107837945966179603E+003   0.439537453667417566E+001  -0.329545021057128906E+002  -0.376030464172363281E+002  -0.683515351937697613E+001    1
   0.373186876581285132E+000   0.754452085668784349E+002   0.493831644397067393E+001  -0.329352912902832031E+002  -0.359563293457031250E+002  -0.684515351937697059E+001    1
   0.491206218170883946E+000   0.104783312128514211E+003   0.481652094186866098E+001  -0.328857307434082031E+002  -0.473567581176757812E+002  -0.685515351937697126E+001    1
   0.167595196875103492E+001   0.891748490396830249E+002   0.419561774623270001E+001  -0.327742462158203125E+002  -0.341699256896972656E+002  -0.686515351937697371E+001    1
   0.205874107621378410E+001   0.113530392570154191E+003   0.438296738947533981E+001  -0.327702789306640625E+002  -0.335435981750488281E+002  -0.687515351937697083E+001    1
   0.918170511722564697E+000   0.113383821249008179E+003   0.454718699455261177E+001  -0.326954040527343750E+002  -0.217154510498046875E+003  -0.688515351937697062E+001    1
   0.158547876207115035E+001   0.123787492556960302E+003   0.440390420138234528E+001  -0.326722755432128906E+002  -0.370038337707519531E+002  -0.689515351937697307E+001    1
   0.202996506766026297E+001   0.121541584005226198E+003   0.433773802861581803E+001  -0.326682205200195312E+002  -0.333140563964843750E+002  -0.690515351937697019E+001    1
   0.133139571053896621E+001   0.123284999344002983E+003   0.433273455493562132E+001  -0.326035728454589844E+002  -0.454570159912109375E+002  -0.691515351937697176E+001    1
   0.468357823945272367E+000   0.103103776634595988E+003   0.483995230649583519E+001  -0.325776596069335938E+002  -0.333168411254882812E+002  -0.692515351937697421E+001    1
   0.627176121639841377E+000   0.898768755335035223E+002   0.492952123530057751E+001  -0.324394721984863281E+002  -0.361942520141601562E+002  -0.693515351937697400E+001    1
   0.210358036919012603E+001   0.868779525269495139E+002   0.409030440596129097E+001  -0.323977661132812500E+002  -0.365666999816894531E+002  -0.694515351937697556E+001    1
   0.163994660415809368E+001   0.854456653650960902E+002   0.440863949476185812E+001  -0.323861999511718750E+002  -0.329545021057128906E+002  -0.695515351937697623E+001    1
   0.718330447734628730E+000   0.137167938334505095E+003   0.476337399280707618E+001  -0.323508529663085938E+002  -0.349833641052246094E+002  -0.696515351937697869E+001    1
   0.119952384331049022E+001   0.809329043049531549E+002   0.458620664905284414E+001  -0.323300552368164062E+002  -0.323861999511718750E+002  -0.697515351937697670E+001    1
   0.998625570163989118E+000   0.111863282225215698E+003   0.455298514461138382E+001  -0.321495819091796875E+002  -0.330553894042968750E+002  -0.698515351937697471E+001    1
   0.199472445766309825E+001   0.810691124887070771E+002   0.409782313688797029E+001  -0.320716590881347656E+002  -0.492845916748046875E+002  -0.699515351937697627E+001    1
   0.909905908823523735E+000   0.124955064245453372E+003   0.462142984800846968E+001  -0.320278244018554688E+002  -0.326722755432128906E+002  -0.700515351937697339E+001    1
   0.185193791985511780E+001   0.755233561992645264E+002   0.413749445676803607E+001  -0.319900741577148438E+002  -0.100000000000000002E+101  -0.701515351937697229E+001    1
   0.203651640459101069E+001   0.125045313771537735E+003   0.425323489591239756E+001  -0.319793586730957031E+002  -0.455035209655761719E+002  -0.702515351937697385E+001    1
   0.580534166085637571E+000   0.703495665845204456E+002   0.489949496502172099E+001  -0.319687805175781250E+002  -0.392568778991699219E+002  -0.703515351937696920E+001    1
   0.140060298753345958E+001   0.132421481024266143E+003   0.440024591023614331E+001  -0.319543228149414062E+002  -0.332514572143554688E+002  -0.704515351937696899E+001    1
   0.145967626399150396E+001   0.866523665480502956E+002   0.452808787786822009E+001  -0.318734455108642578E+002  -0.326035728454589844E+002  -0.705515351937697233E+001    1
   0.564037618057394941E+000   0.140521839958030966E+003   0.484365965977020885E+001  -0.318070716857910156E+002  -0.379121398925781250E+002  -0.706515351937697300E+001    1
   0.238584846258163452E+001   0.112258461713790894E+003   0.406454318761825562E+001  -0.317565441131591797E+002  -0.513920593261718750E+002  -0.707515351937697190E+001    1
   0.142727991732625314E+001   0.659931823324763513E+002   0.431509219773161501E+001  -0.317155113220214844E+002  -0.343699111938476562E+002  -0.708515351937697524E+001    1
   0.215844169259071350E+001   0.810140228271484375E+002   0.428589504957199097E+001  -0.313686237335205078E+002  -0.100000000000000002E+101  -0.709515351937697947E+001    1
   0.110576609717461394E+001   0.109484138535577813E+003   0.442774299273270522E+001  -0.313520774841308594E+002  -0.340919952392578125E+002  -0.710515351937697481E+001    1
   0.190661838874181733E+001   0.893299331333122524E+002   0.412100630278634661E+001  -0.312972068786621094E+002  -0.321495819091796875E+002  -0.711515351937697194E+001    1
   0.745148807764053345E+000   0.924703872203826904E+002   0.462255938053131032E+001  -0.312959671020507812E+002  -0.100000000000000002E+101  -0.712515351937697261E+001    1
   0.907959013099324919E+000   0.858176351313739474E+002   0.454354229930762088E+001  -0.312475261688232422E+002  -0.342175407409667969E+002  -0.713515351937696796E+001    1
   0.197447896003723145E+001   0.106854847669601440E+003   0.436720690727233851E+001  -0.312356624603271484E+002  -0.983987960815429688E+002  -0.714515351937696508E+001    1
   0.273081529842020776E+000   0.610887587180499736E+002   0.506973866905850823E+001  -0.312126903533935547E+002  -0.334828681945800781E+002  -0.715515351937696753E+001    1
   0.563188655853361309E+000   0.102872301633159424E+003   0.476975393846834006E+001  -0.311341266632080078E+002  -0.336304855346679688E+002  -0.716515351937696821E+001    1
   0.175971945005265296E+001   0.112348797408285947E+003   0.429124730766252593E+001  -0.311072006225585938E+002  -0.355071067810058594E+002  -0.717515351937696444E+001    1
   0.168484290144698168E+001   0.114573717695008625E+003   0.433768980064390064E+001  -0.310587482452392578E+002  -0.505221252441406250E+002  -0.718515351937696511E+001    1
   0.103909388669982405E+001   0.114727414577041827E+003   0.459925606746881233E+001  -0.310368347167968750E+002  -0.414625320434570312E+002  -0.719515351937696845E+001    1
   0.973079492460897422E+000   0.114305157215791951E+003   0.453132147128777341E+001  -0.310048103332519531E+002  -0.497085685729980469E+002  -0.720515351937697446E+001    1
   0.155166354032154485E+001   0.116392473601999015E+003   0.428360308466560991E+001  -0.309573383331298828E+002  -0.336767921447753906E+002  -0.721515351937697869E+001    1
   0.226842068247308637E+001   0.100588108182442056E+003   0.409208746204265417E+001  -0.308960418701171875E+002  -0.329963607788085938E+002  -0.722515351937697670E+001    1
   0.179072514176368713E+001   0.118049935102462769E+003   0.437228229045867867E+001  -0.308936538696289062E+002  -0.829828948974609375E+002  -0.723515351937696849E+001    1
   0.189059553111558865E+001   0.103781684395601232E+003   0.437788599357232666E+001  -0.308638191223144531E+002  -0.340093498229980469E+002  -0.724515351937696384E+001    1
   0.909627607787447889E+000   0.791868597167336645E+002   0.465230409173077675E+001  -0.308586463928222656E+002  -0.332240524291992188E+002  -0.725515351937697073E+001    1
   0.218646204935796273E+001   0.701911374169153390E+002   0.426057658302420084E+001  -0.308068103790283203E+002  -0.318734455108642578E+002  -0.726515351937697051E+001    1
   0.523377209901809692E+000   0.123143873214721680E+003   0.481575789451599068E+001  -0.308036918640136719E+002  -0.593638458251953125E+002  -0.727515351937696853E+001    1
   0.717777724259787364E+000   0.735001779400774922E+002   0.466262485300738305E+001  -0.307846374511718750E+002  -0.312126903533935547E+002  -0.728515351937696742E+001    1
   0.397198147574799265E+000   0.626360294009857910E+002   0.500770775628123044E+001  -0.307448177337646484E+002  -0.444500999450683594E+002  -0.729515351937696988E+001    1
   0.647204860311478392E+000   0.133855167095271668E+003   0.483837793016347462E+001  -0.307227878570556641E+002  -0.334667625427246094E+002  -0.730515351937697766E+001    1
   0.194814452242149683E+001   0.118183184142938472E+003   0.429985218728022911E+001  -0.307085704803466797E+002  -0.310587482452392578E+002  -0.731515351937697655E+001    1
   0.176723212385359441E+001   0.794771709011156844E+002   0.423020258105230518E+001  -0.306899490356445312E+002  -0.358928375244140625E+002  -0.732515351937697723E+001    1
   0.941417423521848429E+000   0.903360053082827505E+002   0.453303488019128320E+001  -0.306887512207031250E+002  -0.324394721984863281E+002  -0.733515351937697524E+001    1
   0.132219587248974690E+001   0.701854858649991513E+002   0.450087062801335502E+001  -0.306410923004150391E+002  -0.317155113220214844E+002  -0.734515351937696614E+001    1
   0.228023692965507507E+001   0.126094350814819336E+003   0.421344237327575666E+001  -0.306131515502929688E+002  -0.153830398559570312E+003  -0.735515351937696948E+001    1
   0.879641175270080566E+000   0.849052047729492188E+002   0.472518088817596382E+001  -0.305773391723632812E+002  -0.100000000000000002E+101  -0.736515351937697105E+001    1
   0.952481273952342389E+000   0.127933493533227249E+003   0.464884968032652868E+001  -0.304655265808105469E+002  -0.337271957397460938E+002  -0.737515351937696906E+001    1
   0.179853409528732300E+001   0.947941696643829346E+002   0.439219170808792114E+001  -0.304611072540283203E+002  -0.100000000000000002E+101  -0.738515351937697240E+001    1
   0.242723697034343155E+001   0.126696513345951274E+003   0.424393254198716274E+001  -0.304029006958007812E+002  -0.333096466064453125E+002  -0.739515351937697218E+001    1
   0.209382179052595330E+001   0.105821146807588121E+003   0.421827440931914666E+001  -0.303915290832519531E+002  -0.326954040527343750E+002  -0.740515351937697464E+001    1
   0.121006548568373118E+001   0.757633917846680305E+002   0.456363551057714290E+001  -0.303685550689697266E+002  -0.351776924133300781E+002  -0.741515351937697265E+001    1
   0.218734757815504377E+001   0.667494149687978933E+002   0.422114558213418611E+001  -0.303642559051513672E+002  -0.311341266632080078E+002  -0.742515351937696799E+001    1
   0.160168912308550926E+001   0.105110083363822199E+003   0.430429745913369999E+001  -0.303606376647949219E+002  -0.319900741577148438E+002  -0.743515351937697044E+001    1
   0.146859821543946056E+001   0.103639045888920023E+003   0.446540853577928676E+001  -0.303494930267333984E+002  -0.341307983398437500E+002  -0.744515351937697023E+001    1
   0.193541553123260224E+001   0.103081600304249875E+003   0.423421434309019862E+001  -0.303305110931396484E+002  -0.337110862731933594E+002  -0.745515351937696646E+001    1
   0.152992806289820948E+001   0.114261699114068662E+003   0.429283339520079199E+001  -0.303271598815917969E+002  -0.413492774963378906E+002  -0.746515351937696536E+001    1
   0.171091269420797421E+001   0.110085847683233482E+003   0.441499586248564047E+001  -0.303101158142089844E+002  -0.303271598815917969E+002  -0.747515351937696515E+001    1
   0.242553778326563041E+001   0.114921370352222482E+003   0.409323472592567139E+001  -0.303031139373779297E+002  -0.308936538696289062E+002  -0.748515351937696671E+001    1
   0.399860043396142562E+000   0.798069101788692308E+002   0.494984980963400645E+001  -0.302997360229492188E+002  -0.323508529663085938E+002  -0.749515351937696561E+001    1
   0.692525745866531817E+000   0.123274022709311737E+003   0.475124261583763641E+001  -0.302772350311279297E+002  -0.313686237335205078E+002  -0.750515351937696362E+001    1
   0.228288814425468445E+001   0.668942368030548096E+002   0.415757869482040388E+001  -0.302725772857666016E+002  -0.548441619873046875E+002  -0.751515351937696874E+001    1
   0.771004287093702168E+000   0.633282684661745563E+002   0.473231488848336657E+001  -0.302566871643066406E+002  -0.303606376647949219E+002  -0.752515351937696853E+001    1
   0.112948654419814654E+001   0.109678846387471353E+003   0.446322201071245761E+001  -0.302517738342285156E+002  -0.304029006958007812E+002  -0.753515351937696742E+001    1
   0.231880818676042066E+001   0.102497922116105684E+003   0.412754237265017032E+001  -0.302341041564941406E+002  -0.348744354248046875E+002  -0.754515351937696721E+001    1
   0.184422167342189036E+001   0.860243857264414800E+002   0.433893343288257949E+001  -0.302131328582763672E+002  -0.327742462158203125E+002  -0.755515351937696877E+001    1
   0.214494059391323555E+001   0.111698236882045848E+003   0.418335335817499576E+001  -0.301892528533935547E+002  -0.310048103332519531E+002  -0.756515351937697211E+001    1
   0.707608045976551692E+000   0.124294266539553590E+003   0.481353672505225738E+001  -0.301165790557861328E+002  -0.312959671020507812E+002  -0.757515351937696835E+001    1
   0.690977473348779458E+000   0.708152846891591707E+002   0.478029618553541713E+001  -0.301097869873046875E+002  -0.365711517333984375E+002  -0.758515351937696991E+001    1
   0.125411379746758778E+001   0.119395421029638015E+003   0.447605505041632767E+001  -0.300639705657958984E+002  -0.308068103790283203E+002  -0.759515351937697325E+001    1
   0.833927243947982788E+000   0.108002487421035767E+003   0.476517254114151001E+001  -0.300403900146484375E+002  -0.100000000000000002E+101  -0.760515351937697126E+001    1
   0.128462254181249436E+001   0.114266518132452504E+003   0.448440695480092000E+001  -0.300349044799804688E+002  -0.307227878570556641E+002  -0.761515351937696572E+001    1
   0.144699076763056245E+001   0.870168445338880332E+002   0.445016095592487115E+001  -0.300278053283691406E+002  -0.319687805175781250E+002  -0.762515351937696639E+001    1
   0.202181966526395707E+001   0.109659063050252456E+003   0.428822380340804088E+001  -0.299816322326660156E+002  -0.301892528533935547E+002  -0.763515351937696973E+001    1
   0.142212048172950745E+001   0.941762959957122803E+002   0.444704176187515188E+001  -0.299648761749267578E+002  -0.100000000000000002E+101  -0.764515351937696952E+001    1
   0.196368427741641294E+001   0.645783950227691719E+002   0.422878660139079265E+001  -0.299466571807861328E+002  -0.344724617004394531E+002  -0.765515351937697019E+001    1
   0.111248433589935303E+001   0.790268099308013916E+002   0.449665387868881172E+001  -0.299317798614501953E+002  -0.815960617065429688E+002  -0.766515351937697087E+001    1
   0.185879849473781888E+001   0.114253304602657465E+003   0.425108345879221705E+001  -0.298990879058837891E+002  -0.306410923004150391E+002  -0.767515351937697066E+001    1
   0.281639921426368844E+000   0.137624611262591088E+003   0.515862653557265194E+001  -0.298946514129638672E+002  -0.328857307434082031E+002  -0.768515351937697044E+001    1
   0.104025045942811634E+001   0.741607196658490722E+002   0.449326997609130441E+001  -0.298643150329589844E+002  -0.302131328582763672E+002  -0.769515351937697201E+001    1
   0.171595777842893260E+001   0.115726743481586595E+003   0.430093165163455815E+001  -0.298458995819091797E+002  -0.307085704803466797E+002  -0.770515351937697446E+001    1
   0.364373177289962769E+000   0.802677905559539795E+002   0.504220424890518171E+001  -0.298294105529785156E+002  -0.100000000000000002E+101  -0.771515351937697069E+001    1
   0.187306257590528102E+001   0.102109249940303471E+003   0.433075818160582493E+001  -0.298191814422607422E+002  -0.301097869873046875E+002  -0.772515351937696959E+001    1
   0.180463579581054656E+001   0.102439968900298211E+003   0.432530671635042463E+001  -0.298105087280273438E+002  -0.331334838867187500E+002  -0.773515351937697382E+001    1
   0.383791208089531932E+000   0.797755830587624786E+002   0.504712272464803213E+001  -0.297570953369140625E+002  -0.302725772857666016E+002  -0.774515351937697538E+001    1
   0.682870596647262573E+000   0.940234100818634033E+002   0.467989597320556605E+001  -0.297475471496582031E+002  -0.861639633178710938E+002  -0.775515351937697517E+001    1
   0.233168517802491060E+001   0.989940516926185694E+002   0.417603982167172383E+001  -0.297441291809082031E+002  -0.336540527343750000E+002  -0.776515351937697407E+001    1
   0.134095181388780316E+001   0.994777297207484992E+002   0.447236532786643437E+001  -0.297415924072265625E+002  -0.303642559051513672E+002  -0.777515351937697297E+001    1
   0.136961370247569469E+001   0.113022696493758843E+003   0.440009834300137470E+001  -0.297369194030761719E+002  -0.359951438903808594E+002  -0.778515351937696565E+001    1
   0.587541786273347189E+000   0.114979935482663620E+003   0.492922737573865888E+001  -0.297352657318115234E+002  -0.312972068786621094E+002  -0.779515351937696011E+001    1
   0.604511766152937668E+000   0.946272128979056504E+002   0.475596862246488694E+001  -0.296990642547607422E+002  -0.297475471496582031E+002  -0.780515351937696522E+001    1
   0.147768333554267883E+001   0.113011244535446167E+003   0.445491402149200422E+001  -0.296980152130126953E+002  -0.582791671752929688E+002  -0.781515351937697123E+001    1
   0.134225709124294124E+001   0.995884948131470935E+002   0.446725994021146722E+001  -0.296939754486083984E+002  -0.299317798614501953E+002  -0.782515351937697279E+001    1
   0.232139807245394802E+001   0.104011494086916599E+003   0.424379863180057004E+001  -0.296643161773681641E+002  -0.303494930267333984E+002  -0.783515351937697524E+001    1
   0.766718683920516897E+000   0.913033473601957439E+002   0.479100503387102528E+001  -0.296596889495849609E+002  -0.320278244018554688E+002  -0.784515351937695993E+001    1
   0.241223886609077454E+001   0.111801520586013794E+003   0.417122528553008998E+001  -0.296242980957031250E+002  -0.100000000000000002E+101  -0.785515351937696593E+001    1
   0.140630232025499602E+001   0.960463800611870226E+002   0.442263079998770881E+001  -0.296123867034912109E+002  -0.299648761749267578E+002  -0.786515351937697016E+001    1
   0.583101139014890912E+000   0.123733652571556746E+003   0.479320271889255523E+001  -0.296079483032226562E+002  -0.297570953369140625E+002  -0.787515351937697172E+001    1
   0.217010294166215578E+001   0.105224518387697600E+003   0.429573065558108080E+001  -0.295982818603515625E+002  -0.308638191223144531E+002  -0.788515351937697417E+001    1
   0.201149346854572775E+001   0.946077334065114002E+002   0.427209321718939616E+001  -0.295685882568359375E+002  -0.300349044799804688E+002  -0.789515351937696952E+001    1
   0.168775504391540920E+001   0.857434559348349836E+002   0.426015474287856577E+001  -0.295628719329833984E+002  -0.352520294189453125E+002  -0.790515351937697019E+001    1
   0.226965322212338361E+001   0.805320078402439918E+002   0.425606823965129344E+001  -0.295591297149658203E+002  -0.306899490356445312E+002  -0.791515351937696643E+001    1
   0.162367265312191211E+001   0.895130451165662748E+002   0.423083128618877158E+001  -0.295474777221679688E+002  -0.372673301696777344E+002  -0.792515351937696444E+001    1
   0.234191339111492969E+001   0.969767419553970171E+002   0.416501991898884594E+001  -0.295434226989746094E+002  -0.319543228149414062E+002  -0.793515351937696778E+001    1
   0.163660427550380039E+001   0.108169210128935916E+003   0.425030333044326891E+001  -0.295315704345703125E+002  -0.301165790557861328E+002  -0.794515351937696490E+001    1
   0.229540546176375582E+001   0.838726832320564881E+002   0.414378975210478995E+001  -0.295023612976074219E+002  -0.336019134521484375E+002  -0.795515351937696735E+001    1
   0.574147348089354415E+000   0.130184994792009064E+003   0.489647026604099089E+001  -0.294979190826416016E+002  -0.441527481079101562E+002  -0.796515351937696447E+001    1
   0.191185531359431815E+001   0.975919230263870219E+002   0.422884772052902846E+001  -0.294963016510009766E+002  -0.296939754486083984E+002  -0.797515351937695893E+001    1
   0.193914588142233413E+001   0.946626870381977454E+002   0.423575009565687211E+001  -0.294823799133300781E+002  -0.303305110931396484E+002  -0.798515351937696582E+001    1
   0.602913227488668269E+000   0.682001829487596041E+002   0.485171649493859292E+001  -0.294769668579101562E+002  -0.295474777221679688E+002  -0.799515351937696650E+001    1
   0.100981181111911633E+001   0.104328664310919322E+003   0.455717097375129931E+001  -0.294512577056884766E+002  -0.304655265808105469E+002  -0.800515351937696096E+001    1
   0.976895143563039192E+000   0.109924308537812195E+003   0.459299233438781940E+001  -0.294286994934082031E+002  -0.298946514129638672E+002  -0.801515351937696785E+001    1
   0.193174445972614661E+001   0.112168056198242567E+003   0.420607935311159142E+001  -0.294083957672119141E+002  -0.323977661132812500E+002  -0.802515351937697652E+001    1
   0.468797732914652654E+000   0.801227290032490771E+002   0.489466534811741383E+001  -0.294082202911376953E+002  -0.302517738342285156E+002  -0.803515351937696920E+001    1
   0.673060593021240217E+000   0.991614354319644349E+002   0.472670841806130060E+001  -0.294064540863037109E+002  -0.330082817077636719E+002  -0.804515351937696543E+001    1
   0.185117329803629538E+001   0.106425799246507069E+003   0.428821124537609322E+001  -0.293807792663574219E+002  -0.296596889495849609E+002  -0.805515351937697233E+001    1
   0.708735109085798620E+000   0.776276237301748893E+002   0.480225488944272971E+001  -0.293768329620361328E+002  -0.302566871643066406E+002  -0.806515351937697034E+001    1
   0.207096810313878565E+001   0.981933856997318060E+002   0.414528886084064929E+001  -0.293725242614746094E+002  -0.294512577056884766E+002  -0.807515351937696657E+001    1
   0.189119967524604915E+001   0.976594634356098226E+002   0.422915943860595700E+001  -0.293586292266845703E+002  -0.298990879058837891E+002  -0.808515351937696636E+001    1
   0.196495413547659958E+001   0.830974423639311510E+002   0.422979930637896562E+001  -0.293432369232177734E+002  -0.308960418701171875E+002  -0.809515351937696259E+001    1
   0.556679293543863363E+000   0.112801346645968209E+003   0.492724330016883449E+001  -0.293261756896972656E+002  -0.298105087280273438E+002  -0.810515351937696593E+001    1
   0.827566603436666770E+000   0.995158600506422033E+002   0.469952558612241944E+001  -0.293205585479736328E+002  -0.297415924072265625E+002  -0.811515351937696572E+001    1
   0.157994583837490099E+000   0.134213751785286036E+003   0.517640402380109599E+001  -0.293153343200683594E+002  -0.296990642547607422E+002  -0.812515351937696728E+001    1
   0.173272808967731606E+001   0.113545190871682905E+003   0.434222357055196806E+001  -0.293070468902587891E+002  -0.323300552368164062E+002  -0.813515351937696707E+001    1
   0.277276830722820389E+000   0.840674290444247134E+002   0.508762839822008850E+001  -0.292932510375976562E+002  -0.298643150329589844E+002  -0.814515351937696508E+001    1
   0.216843366622924805E+001   0.976117169857025146E+002   0.418580013513565063E+001  -0.292821674346923828E+002  -0.114654510498046875E+003  -0.815515351937696664E+001    1
   0.212937054872601550E+001   0.959507573705088674E+002   0.422507169323358767E+001  -0.292809600830078125E+002  -0.299466571807861328E+002  -0.816515351937696643E+001    1
   0.435291292354222370E+000   0.102634063101048312E+003   0.491204411586544154E+001  -0.292508125305175781E+002  -0.448358001708984375E+002  -0.817515351937696622E+001    1
   0.213606849312782288E+001   0.103264687061309814E+003   0.419181712865829414E+001  -0.292272243499755859E+002  -0.100000000000000002E+101  -0.818515351937696600E+001    1
   0.990714578502540522E+000   0.856619732247607431E+002   0.452330353635901528E+001  -0.292241382598876953E+002  -0.292809600830078125E+002  -0.819515351937696224E+001    1
   0.204161128578409246E+001   0.729818464960983562E+002   0.426081240761147484E+001  -0.292232189178466797E+002  -0.312356624603271484E+002  -0.820515351937696558E+001    1
   0.222276760329682643E+001   0.848100556036953890E+002   0.414945198410218197E+001  -0.292193489074707031E+002  -0.347881202697753906E+002  -0.821515351937696714E+001    1
   0.209888360132114471E+001   0.897742354219839740E+002   0.426161641145403447E+001  -0.291957588195800781E+002  -0.295982818603515625E+002  -0.822515351937696693E+001    1
   0.247351944444749439E+001   0.109808829334004912E+003   0.418398933437996234E+001  -0.291761074066162109E+002  -0.296123867034912109E+002  -0.823515351937696671E+001    1
   0.513780410265783805E+000   0.130247112322221255E+003   0.488215714978099058E+001  -0.291718654632568359E+002  -0.292193489074707031E+002  -0.824515351937696295E+001    1
   0.986962557125621087E+000   0.927905103205051205E+002   0.458620814257719811E+001  -0.291657104492187500E+002  -0.307448177337646484E+002  -0.825515351937696096E+001    1
   0.674147330311198667E+000   0.810454677610840974E+002   0.478639620866433901E+001  -0.291556797027587891E+002  -0.292821674346923828E+002  -0.826515351937696252E+001    1
   0.616782350882448371E+000   0.103542679028952080E+003   0.485969853206444569E+001  -0.291506996154785156E+002  -0.299816322326660156E+002  -0.827515351937696408E+001    1
   0.831145982017529428E+000   0.113978450753293345E+003   0.474859931444190941E+001  -0.291451549530029297E+002  -0.293768329620361328E+002  -0.828515351937696565E+001    1
   0.321579108085842669E+000   0.905993633048516642E+002   0.501641011154131089E+001  -0.291375865936279297E+002  -0.305773391723632812E+002  -0.829515351937696543E+001    1
   0.771099420305411343E+000   0.874634879497978233E+002   0.470195882543308130E+001  -0.291338653564453125E+002  -0.338592147827148438E+002  -0.830515351937696344E+001    1
   0.204893118337568136E+001   0.988379875873389153E+002   0.416362801793955040E+001  -0.291331195831298828E+002  -0.320716590881347656E+002  -0.831515351937696146E+001    1
   0.567265042838895006E+000   0.770933805786120558E+002   0.487050062564732578E+001  -0.290558815002441406E+002  -0.309573383331298828E+002  -0.832515351937696302E+001    1
   0.133279310181235755E+001   0.114900321211839753E+003   0.447270068629637230E+001  -0.290454998016357422E+002  -0.302772350311279297E+002  -0.833515351937696813E+001    1
   0.116353476079548956E+001   0.707834267542816917E+002   0.444708379216369032E+001  -0.290240612030029297E+002  -0.464909782409667969E+002  -0.834515351937696437E+001    1
   0.124632571513684409E+001   0.103408828411286635E+003   0.449073437244789808E+001  -0.289975471496582031E+002  -0.308586463928222656E+002  -0.835515351937696593E+001    1
   0.381047147757235916E+000   0.124084895838669254E+003   0.505052849807967164E+001  -0.289805603027343750E+002  -0.293432369232177734E+002  -0.836515351937696927E+001    1
   0.204996096596162847E+001   0.105242921569585889E+003   0.420635353553438218E+001  -0.289747123718261719E+002  -0.293807792663574219E+002  -0.837515351937696906E+001    1
   0.200946783466018963E+000   0.136181951154640331E+003   0.518051783959854628E+001  -0.289717788696289062E+002  -0.298191814422607422E+002  -0.838515351937696174E+001    1
   0.248155698836200411E+001   0.101258458933546819E+003   0.414805101340567184E+001  -0.289567070007324219E+002  -0.302341041564941406E+002  -0.839515351937695975E+001    1
   0.136358691424623335E+001   0.111575726225222894E+003   0.447402382964186884E+001  -0.289536209106445312E+002  -0.295434226989746094E+002  -0.840515351937696487E+001    1
   0.127965236085322509E+001   0.106366988169616732E+003   0.451481807422680426E+001  -0.289258766174316406E+002  -0.424134941101074219E+002  -0.841515351937696821E+001    1
   0.637658536434173584E+000   0.124819943904876709E+003   0.487396767139434761E+001  -0.289059391021728516E+002  -0.222167449951171875E+003  -0.842515351937696266E+001    1
   0.320535950740866438E+000   0.743812986941943990E+002   0.503529181037444395E+001  -0.288937110900878906E+002  -0.432704696655273438E+002  -0.843515351937695534E+001    1
   0.190280195103108785E+001   0.109621060663901147E+003   0.424886752654711497E+001  -0.288840789794921875E+002  -0.306131515502929688E+002  -0.844515351937695691E+001    1
   0.486505544115859556E+000   0.113790190639693904E+003   0.497960410155288713E+001  -0.288716564178466797E+002  -0.295628719329833984E+002  -0.845515351937696202E+001    1
   0.207469204763407733E+001   0.892626262343325152E+002   0.424255336701525554E+001  -0.288695182800292969E+002  -0.288840789794921875E+002  -0.846515351937696536E+001    1
   0.795986339049232883E+000   0.631368414568669465E+002   0.467121923606764433E+001  -0.288590774536132812E+002  -0.303031139373779297E+002  -0.847515351937696160E+001    1
   0.124607587685162136E+001   0.901481774720410272E+002   0.447055088831823966E+001  -0.288035144805908203E+002  -0.293205585479736328E+002  -0.848515351937696316E+001    1
   0.368310562715822298E+000   0.122287331585494258E+003   0.504894894006129480E+001  -0.287965202331542969E+002  -0.295023612976074219E+002  -0.849515351937696295E+001    1
   0.304965190694605592E+000   0.120577471791052744E+003   0.503103627572570122E+001  -0.287963447570800781E+002  -0.345071487426757812E+002  -0.850515351937696629E+001    1
   0.216089240359610635E+001   0.915308313558283970E+002   0.418907502769589080E+001  -0.287817058563232422E+002  -0.288035144805908203E+002  -0.851515351937696785E+001    1
   0.335539782569679756E+000   0.103119912522941348E+003   0.510349946561823842E+001  -0.287745780944824219E+002  -0.297352657318115234E+002  -0.852515351937696408E+001    1
   0.366099177461333913E+000   0.130108542883968596E+003   0.507707073297643152E+001  -0.287645282745361328E+002  -0.359935417175292969E+002  -0.853515351937696032E+001    1
   0.201215281461794593E+001   0.924959177476133476E+002   0.420329795979802867E+001  -0.287556915283203125E+002  -0.287963447570800781E+002  -0.854515351937695655E+001    1
   0.693156051508551196E+000   0.108355677382221799E+003   0.473146958102731219E+001  -0.287499389648437500E+002  -0.289258766174316406E+002  -0.855515351937696344E+001    1
   0.132939546163553768E+001   0.976533114810030725E+002   0.443319176116000069E+001  -0.286778087615966797E+002  -0.298294105529785156E+002  -0.856515351937696323E+001    1
   0.187401224522615517E+001   0.823517579074780173E+002   0.428976092221324912E+001  -0.286708984375000000E+002  -0.293261756896972656E+002  -0.857515351937696124E+001    1
   0.460282461175233748E+000   0.116339716162398247E+003   0.490580482528806261E+001  -0.286410121917724609E+002  -0.292272243499755859E+002  -0.858515351937696103E+001    1
   0.393723897003625201E+000   0.945814765755027906E+002   0.505367939805627486E+001  -0.286085491180419922E+002  -0.286778087615966797E+002  -0.859515351937696259E+001    1
   0.216134910574806854E+000   0.936731248517625659E+002   0.513289356937891217E+001  -0.285584678649902344E+002  -0.289536209106445312E+002  -0.860515351937696771E+001    1
   0.183350250124931335E+001   0.885059332847595215E+002   0.424887492656707710E+001  -0.285538349151611328E+002  -0.532584114074707031E+002  -0.861515351937696039E+001    1
   0.130584487644726943E+001   0.732397425247642957E+002   0.446957228637015280E+001  -0.285342864990234375E+002  -0.296643161773681641E+002  -0.862515351937695662E+001    1
   0.580623910150035560E+000   0.126739644071286563E+003   0.488848709467368092E+001  -0.285177192687988281E+002  -0.330160102844238281E+002  -0.863515351937696352E+001    1
   0.126564428514925620E+001   0.882947685748889910E+002   0.448809944733580668E+001  -0.285141010284423828E+002  -0.294064540863037109E+002  -0.864515351937696508E+001    1
   0.209670872219511661E+001   0.852062924851561831E+002   0.423924558031862286E+001  -0.285107517242431641E+002  -0.294082202911376953E+002  -0.865515351937695954E+001    1
   0.575064688152069903E+000   0.744990849978426581E+002   0.487483174741143976E+001  -0.285087566375732422E+002  -0.289717788696289062E+002  -0.866515351937696288E+001    1
   0.643257294048272699E+000   0.103528325862205747E+003   0.484895234338533410E+001  -0.285041236877441406E+002  -0.285107517242431641E+002  -0.867515351937696266E+001    1
   0.228267309471473379E+001   0.957525687467650499E+002   0.413062766834826967E+001  -0.285041217803955078E+002  -0.308036918640136719E+002  -0.868515351937696423E+001    1
   0.142637974227462849E+001   0.994902383560584838E+002   0.447200104417619659E+001  -0.285012588500976562E+002  -0.297441291809082031E+002  -0.869515351937696934E+001    1
   0.387401919316329169E+000   0.768534795999485425E+002   0.500422562757466061E+001  -0.284964351654052734E+002  -0.303101158142089844E+002  -0.870515351937696735E+001    1
   0.241294801235198975E+000   0.897663688659667969E+002   0.516118035316467250E+001  -0.284425220489501953E+002  -0.542602119445800781E+002  -0.871515351937696181E+001    1
   0.403933228801550359E+000   0.758874101905461629E+002   0.496726480926689806E+001  -0.284384422302246094E+002  -0.294083957672119141E+002  -0.872515351937695982E+001    1
   0.552949418300496487E+000   0.130442234586156445E+003   0.493451126295190701E+001  -0.284276466369628906E+002  -0.399871215820312500E+002  -0.873515351937696316E+001    1
   0.142521798610687256E+001   0.777356600761413574E+002   0.443156285285949636E+001  -0.284255237579345703E+002  -0.100000000000000002E+101  -0.874515351937695762E+001    1
   0.305430185331848458E+000   0.115201852889296191E+003   0.511624469297266771E+001  -0.284232254028320312E+002  -0.295591297149658203E+002  -0.875515351937695741E+001    1
   0.126294563558909534E+001   0.901385681991737329E+002   0.446571597327262726E+001  -0.284050083160400391E+002  -0.291718654632568359E+002  -0.876515351937696252E+001    1
   0.471096036013818331E+000   0.742838285772232041E+002   0.486408467296303915E+001  -0.283998641967773438E+002  -0.289805603027343750E+002  -0.877515351937696231E+001    1
   0.481957709865315498E+000   0.100908473446976387E+003   0.499201661029674604E+001  -0.283988094329833984E+002  -0.312475261688232422E+002  -0.878515351937696209E+001    1
   0.535637463713718232E+000   0.112115562391958889E+003   0.496718390584151770E+001  -0.283901920318603516E+002  -0.325776596069335938E+002  -0.879515351937696188E+001    1
   0.429725601542443048E+000   0.115344501093777623E+003   0.500809945455631667E+001  -0.283822517395019531E+002  -0.288695182800292969E+002  -0.880515351937695812E+001    1
   0.696203257975570367E+000   0.119050392067906216E+003   0.478729752504271300E+001  -0.283799228668212891E+002  -0.327702789306640625E+002  -0.881515351937695790E+001    1
   0.769735652490943778E+000   0.960994563751331725E+002   0.469564603005090220E+001  -0.283725376129150391E+002  -0.318070716857910156E+002  -0.882515351937695769E+001    1
   0.551355402817223061E+000   0.897032905852482827E+002   0.480139050955557156E+001  -0.283720760345458984E+002  -0.311072006225585938E+002  -0.883515351937695925E+001    1
   0.127308635486675081E+001   0.107556972556229056E+003   0.443674553203173616E+001  -0.283661403656005859E+002  -0.349809799194335938E+002  -0.884515351937695904E+001    1
   0.121994998517898434E+001   0.102864215556959067E+003   0.448061351985141876E+001  -0.283560371398925781E+002  -0.291506996154785156E+002  -0.885515351937696238E+001    1
   0.750018954277038574E+000   0.997066235542297363E+002   0.471566581726074219E+001  -0.283530731201171875E+002  -0.100000000000000002E+101  -0.886515351937696394E+001    1
   0.184445243922786273E+001   0.900580252447467160E+002   0.421142770624798146E+001  -0.283408508300781250E+002  -0.287745780944824219E+002  -0.887515351937696018E+001    1
   0.302009789528051242E+000   0.105833174838072438E+003   0.512991569840502226E+001  -0.283392200469970703E+002  -0.285087566375732422E+002  -0.888515351937696174E+001    1
   0.186342209456248087E+001   0.953321579827274093E+002   0.423854749380877927E+001  -0.283334045410156250E+002  -0.326682205200195312E+002  -0.889515351937696330E+001    1
   0.373558625468400796E+000   0.111753629758044596E+003   0.499150423383623121E+001  -0.282518520355224609E+002  -0.307846374511718750E+002  -0.890515351937696309E+001    1
   0.514754441290445675E+000   0.110200832526667796E+003   0.488162327656825035E+001  -0.282514877319335938E+002  -0.283334045410156250E+002  -0.891515351937696288E+001    1
   0.298648247312939707E+000   0.971421396851009433E+002   0.509684736777482605E+001  -0.282245006561279297E+002  -0.290558815002441406E+002  -0.892515351937696089E+001    1
   0.574685950918439326E+000   0.800489772969673368E+002   0.487328472291408676E+001  -0.282194099426269531E+002  -0.283720760345458984E+002  -0.893515351937696423E+001    1
   0.512047545574410234E+000   0.737147314500768687E+002   0.487309151445339062E+001  -0.282188339233398438E+002  -0.340385360717773438E+002  -0.894515351937696579E+001    1
   0.430484933043639884E+000   0.916257529962911121E+002   0.501837422719237392E+001  -0.281986713409423828E+002  -0.294769668579101562E+002  -0.895515351937696202E+001    1
   0.608825463526509569E+000   0.721074957812926840E+002   0.484920315128661628E+001  -0.281984920501708984E+002  -0.498908882141113281E+002  -0.896515351937696181E+001    1
   0.731312706515628852E+000   0.100258533711293921E+003   0.471038491468559961E+001  -0.281876354217529297E+002  -0.288937110900878906E+002  -0.897515351937695982E+001    1
   0.543057390539630203E+000   0.932337134032137556E+002   0.479277069832543035E+001  -0.281828556060791016E+002  -0.339490509033203125E+002  -0.898515351937695428E+001    1
   0.215019738487533152E+001   0.985954166300908241E+002   0.424494573947089737E+001  -0.281662940979003906E+002  -0.281876354217529297E+002  -0.899515351937695407E+001    1
   0.430354572895875809E+000   0.134430270841900381E+003   0.495378916641544009E+001  -0.281535415649414062E+002  -0.290240612030029297E+002  -0.900515351937695741E+001    1
   0.595764042204676825E+000   0.943401566434356766E+002   0.475510888742058135E+001  -0.281209583282470703E+002  -0.285584678649902344E+002  -0.901515351937696252E+001    1
   0.126533333006661697E+001   0.820235344091460092E+002   0.447049818421561085E+001  -0.280914230346679688E+002  -0.289747123718261719E+002  -0.902515351937696408E+001    1
   0.211265536413243105E+001   0.827490652190841587E+002   0.428162967498380631E+001  -0.280911445617675781E+002  -0.293725242614746094E+002  -0.903515351937696032E+001    1
   0.444321735956459740E+000   0.130141519173791437E+003   0.498652211609956542E+001  -0.280848045349121094E+002  -0.297369194030761719E+002  -0.904515351937695833E+001    1
   0.553924491859504875E+000   0.755950430341918036E+002   0.483200902384586151E+001  -0.280836925506591797E+002  -0.295315704345703125E+002  -0.905515351937695989E+001    1
   0.546270046787358354E+000   0.121907923373782126E+003   0.490956897131225567E+001  -0.280706939697265625E+002  -0.285177192687988281E+002  -0.906515351937695790E+001    1
   0.820683571878919160E+000   0.921944077435455682E+002   0.465010934056023828E+001  -0.280670547485351562E+002  -0.283799228668212891E+002  -0.907515351937695591E+001    1
   0.463247745871200323E+000   0.991166009734013471E+002   0.488933870528942016E+001  -0.280277690887451172E+002  -0.298458995819091797E+002  -0.908515351937695925E+001    1
   0.563425150622382298E+000   0.954367016131034660E+002   0.485897552441275771E+001  -0.280251235961914062E+002  -0.306887512207031250E+002  -0.909515351937696437E+001    1
   0.406837715808345546E+000   0.118467873797164884E+003   0.497967740093732747E+001  -0.279940643310546875E+002  -0.392490310668945312E+002  -0.910515351937696060E+001    1
   0.123597476499711556E+001   0.749226816973229575E+002   0.449534222934380612E+001  -0.279686355590820312E+002  -0.303915290832519531E+002  -0.911515351937695506E+001    1
   0.634338909923686023E+000   0.893189113572284157E+002   0.475829206735875410E+001  -0.279499874114990234E+002  -0.282518520355224609E+002  -0.912515351937696195E+001    1
   0.580977877388542563E+000   0.769236778602090254E+002   0.487786431831367651E+001  -0.279479923248291016E+002  -0.302997360229492188E+002  -0.913515351937696529E+001    1
   0.647473889863389274E+000   0.110529660237651655E+003   0.487610501244960126E+001  -0.279286346435546875E+002  -0.286085491180419922E+002  -0.914515351937696153E+001    1
   0.644293266545756249E+000   0.129302952140971399E+003   0.485941741512881276E+001  -0.279003562927246094E+002  -0.290454998016357422E+002  -0.915515351937696131E+001    1
   0.655772874047689580E+000   0.100118549601557575E+003   0.478047086452867909E+001  -0.278980140686035156E+002  -0.286708984375000000E+002  -0.916515351937695577E+001    1
   0.437282781779416596E+000   0.117580186764042963E+003   0.499234722628732985E+001  -0.278879928588867188E+002  -0.291657104492187500E+002  -0.917515351937695733E+001    1
   0.133502646072063302E+001   0.107731720059379029E+003   0.443088615034372868E+001  -0.278606319427490234E+002  -0.293586292266845703E+002  -0.918515351937696067E+001    1
   0.407827796917920871E+000   0.945955564856527076E+002   0.498016499034417759E+001  -0.278586921691894531E+002  -0.294286994934082031E+002  -0.919515351937696046E+001    1
   0.189484380159475663E+001   0.100548368585795629E+003   0.428723575647207600E+001  -0.278552932739257812E+002  -0.295685882568359375E+002  -0.920515351937696202E+001    1
   0.250055074412091294E+000   0.106515420571427526E+003   0.510129011346630268E+001  -0.278514213562011719E+002  -0.291761074066162109E+002  -0.921515351937696536E+001    1
   0.247683440685870365E+000   0.139175800571674927E+003   0.513616674780618432E+001  -0.278432998657226562E+002  -0.284384422302246094E+002  -0.922515351937696337E+001    1
   0.388921328195473759E+000   0.108803903071166971E+003   0.497356031253811715E+001  -0.278270053863525391E+002  -0.287965202331542969E+002  -0.923515351937695961E+001    1
   0.631415794883423587E+000   0.123692728649688533E+003   0.483168991800219860E+001  -0.278146591186523438E+002  -0.294823799133300781E+002  -0.924515351937695584E+001    1
   0.118368313186587248E+000   0.140935703820644903E+003   0.518909731319551693E+001  -0.278051261901855469E+002  -0.294979190826416016E+002  -0.925515351937695918E+001    1
   0.634881822888669345E+000   0.859180058314298378E+002   0.481516829725643536E+001  -0.277964630126953125E+002  -0.292241382598876953E+002  -0.926515351937696607E+001    1
   0.787153257956698660E+000   0.950274728758244578E+002   0.467985020715820355E+001  -0.277861118316650391E+002  -0.284050083160400391E+002  -0.927515351937695876E+001    1
   0.899821402999862130E+000   0.893276799370418360E+002   0.461553641450348984E+001  -0.277801151275634766E+002  -0.296980152130126953E+002  -0.928515351937695499E+001    1
   0.498401097430556272E+000   0.929009119239313605E+002   0.493939551951528077E+001  -0.277793369293212891E+002  -0.281535415649414062E+002  -0.929515351937696188E+001    1
   0.331771905005357248E+000   0.121541733515950767E+003   0.512013986183062286E+001  -0.277688064575195312E+002  -0.283560371398925781E+002  -0.930515351937696522E+001    1
   0.409230719858452441E+000   0.125962462390116912E+003   0.498689163096935939E+001  -0.277563953399658203E+002  -0.278586921691894531E+002  -0.931515351937695790E+001    1
   0.343367216152252630E+000   0.134115518810488709E+003   0.508264911246324225E+001  -0.277512741088867188E+002  -0.278270053863525391E+002  -0.932515351937696657E+001    1
   0.275102744014625089E+000   0.136088599722567380E+003   0.508340173406589813E+001  -0.277473258972167969E+002  -0.383423690795898438E+002  -0.933515351937696458E+001    1
   0.678127363591887411E+000   0.105783953772564914E+003   0.474729400245403266E+001  -0.277387466430664062E+002  -0.304611072540283203E+002  -0.934515351937696082E+001    1
   0.726914056489545546E+000   0.109262119845463189E+003   0.471750676541828895E+001  -0.277376728057861328E+002  -0.277688064575195312E+002  -0.935515351937695883E+001    1
   0.552078560578099564E+000   0.129071698609464278E+003   0.487050650182889378E+001  -0.277256698608398438E+002  -0.291451549530029297E+002  -0.936515351937696394E+001    1
   0.645478805000907707E+000   0.895203263765171897E+002   0.476255303613315295E+001  -0.277234802246093750E+002  -0.285141010284423828E+002  -0.937515351937696728E+001    1
   0.349838200774319485E+000   0.117784061143476592E+003   0.501155954493538935E+001  -0.277224750518798828E+002  -0.277793369293212891E+002  -0.938515351937696352E+001    1
   0.627402595741707869E+000   0.105477254636600804E+003   0.482308190093053568E+001  -0.277205123901367188E+002  -0.294963016510009766E+002  -0.939515351937695797E+001    1
   0.827383785765581359E+000   0.968660856789235680E+002   0.469264972325690977E+001  -0.277130756378173828E+002  -0.278146591186523438E+002  -0.940515351937695776E+001    1
   0.496502802817547551E+000   0.113706251961652953E+003   0.495370548780058151E+001  -0.276806049346923828E+002  -0.341965255737304688E+002  -0.941515351937695755E+001    1
   0.194557786753328077E+000   0.139823495614707241E+003   0.514230567478399614E+001  -0.276753673553466797E+002  -0.277563953399658203E+002  -0.942515351937696089E+001    1
   0.720924254331285708E+000   0.896014026279439122E+002   0.470757241903270973E+001  -0.276747512817382812E+002  -0.276753673553466797E+002  -0.943515351937695712E+001    1
   0.297653498725194754E+000   0.106209043817871830E+003   0.505035347241039378E+001  -0.276504478454589844E+002  -0.279479923248291016E+002  -0.944515351937694980E+001    1
   0.467291650513827928E+000   0.884096028952014734E+002   0.494267418117360702E+001  -0.276491146087646484E+002  -0.300639705657958984E+002  -0.945515351937695137E+001    1
   0.907267405122184289E+000   0.904357848542398699E+002   0.463952132266492345E+001  -0.276257133483886719E+002  -0.285041217803955078E+002  -0.946515351937695826E+001    1
   0.366253011372933202E+000   0.119556660098650241E+003   0.508399105090011005E+001  -0.276081199645996094E+002  -0.285041236877441406E+002  -0.947515351937695982E+001    1
   0.225404233482414840E+000   0.120643414093136585E+003   0.519947606399250351E+001  -0.276063709259033203E+002  -0.288590774536132812E+002  -0.948515351937695605E+001    1
   0.634519755699815891E+000   0.807090746511404262E+002   0.479038421740993492E+001  -0.276013488769531250E+002  -0.283408508300781250E+002  -0.949515351937695584E+001    1
   0.613478683767062716E+000   0.834038574412833498E+002   0.485068628118530754E+001  -0.275928897857666016E+002  -0.284276466369628906E+002  -0.950515351937695741E+001    1
   0.638391713903821434E+000   0.109449950849594728E+003   0.484658317255986937E+001  -0.275919017791748047E+002  -0.317565441131591797E+002  -0.951515351937695897E+001    1
   0.261938874511938813E+000   0.139194545549870668E+003   0.510826976313600767E+001  -0.275851097106933594E+002  -0.280836925506591797E+002  -0.952515351937695876E+001    1
   0.388517336156373516E+000   0.118861675713896403E+003   0.499658017601152515E+001  -0.275837306976318359E+002  -0.279686355590820312E+002  -0.953515351937695854E+001    1
   0.482347300254773126E+000   0.937721531482889930E+002   0.489918318321106483E+001  -0.275792102813720703E+002  -0.279003562927246094E+002  -0.954515351937695833E+001    1
   0.122542734157746358E+000   0.119379880042860975E+003   0.519786077469497343E+001  -0.275790843963623047E+002  -0.277512741088867188E+002  -0.955515351937695989E+001    1
   0.200318763549983098E+000   0.132595749864124457E+003   0.514396577627381824E+001  -0.275601215362548828E+002  -0.303685550689697266E+002  -0.956515351937696323E+001    1
   0.727452440672535894E+000   0.112796707736497439E+003   0.477361027044650665E+001  -0.275479583740234375E+002  -0.291331195831298828E+002  -0.957515351937696302E+001    1
   0.264295548059601093E+000   0.109736950099284655E+003   0.506668485537778768E+001  -0.275413017272949219E+002  -0.275837306976318359E+002  -0.958515351937695215E+001    1
   0.514677844489225600E+000   0.112987525610186196E+003   0.493972383734199205E+001  -0.275218086242675781E+002  -0.287817058563232422E+002  -0.959515351937695371E+001    1
   0.146351437260046929E+000   0.113927782981563524E+003   0.518297185663194249E+001  -0.275067214965820312E+002  -0.280670547485351562E+002  -0.960515351937695527E+001    1
   0.572478962096660604E+000   0.858165672728349875E+002   0.488774223098638405E+001  -0.275036888122558594E+002  -0.281662940979003906E+002  -0.961515351937695861E+001    1
   0.558425127981683755E+000   0.793622906922176696E+002   0.484397019728702460E+001  -0.275013160705566406E+002  -0.280251235961914062E+002  -0.962515351937695662E+001    1
   0.304688372361543502E+000   0.105854457946503672E+003   0.509709702001977583E+001  -0.274944362640380859E+002  -0.282188339233398438E+002  -0.963515351937695286E+001    1
   0.468166529238802087E+000   0.115163608229652567E+003   0.490848563624610978E+001  -0.274832172393798828E+002  -0.275036888122558594E+002  -0.964515351937695797E+001    1
   0.335748384801214328E+000   0.134658897098026273E+003   0.506361318826970663E+001  -0.274635467529296875E+002  -0.287645282745361328E+002  -0.965515351937696309E+001    1
   0.363026005975668198E+000   0.879313076164765732E+002   0.505145267221985961E+001  -0.274519042968750000E+002  -0.284425220489501953E+002  -0.966515351937695755E+001    1
   0.187549123555657837E+000   0.107859610566791645E+003   0.517081193543096163E+001  -0.274410133361816406E+002  -0.275479583740234375E+002  -0.967515351937695556E+001    1
   0.534351742566254728E+000   0.804304186380626760E+002   0.489648872882880504E+001  -0.274364967346191406E+002  -0.300278053283691406E+002  -0.968515351937696067E+001    1
   0.220017449236252910E+000   0.108534718306200233E+003   0.519724818779745501E+001  -0.274218082427978516E+002  -0.291556797027587891E+002  -0.969515351937696224E+001    1
   0.448316023194426705E+000   0.112082025283668514E+003   0.492870934259621762E+001  -0.274193267822265625E+002  -0.277964630126953125E+002  -0.970515351937696025E+001    1
   0.911125538780777289E+000   0.903491482480022796E+002   0.464041805358608173E+001  -0.274089241027832031E+002  -0.296079483032226562E+002  -0.971515351937696003E+001    1
   0.460608964178747859E+000   0.107100350936536302E+003   0.497821106493812238E+001  -0.273952999114990234E+002  -0.292508125305175781E+002  -0.972515351937696160E+001    1
   0.380806726487960046E+000   0.130965770854076339E+003   0.501926984841203794E+001  -0.273934345245361328E+002  -0.283530731201171875E+002  -0.973515351937696316E+001    1
   0.395385586759981034E+000   0.114320280766896147E+003   0.500129175859962594E+001  -0.273697948455810547E+002  -0.292932510375976562E+002  -0.974515351937696295E+001    1
   0.435846057890875993E+000   0.968421053985142066E+002   0.494408080387006343E+001  -0.273626213073730469E+002  -0.278514213562011719E+002  -0.975515351937696273E+001    1
   0.399443604864470114E+000   0.858785599854276143E+002   0.499419211648773675E+001  -0.273365802764892578E+002  -0.283725376129150391E+002  -0.976515351937695542E+001    1
   0.439499790628508913E+000   0.113860303184483854E+003   0.492008787178353391E+001  -0.273183574676513672E+002  -0.274218082427978516E+002  -0.977515351937695698E+001    1
   0.169407147313621587E+001   0.939167973646804768E+002   0.432640652511039558E+001  -0.273055934906005859E+002  -0.276747512817382812E+002  -0.978515351937696209E+001    1
   0.305581139362877063E+000   0.129368223210949537E+003   0.510468684172379117E+001  -0.272990779876708984E+002  -0.276257133483886719E+002  -0.979515351937696011E+001    1
   0.273971766986574383E+000   0.124024465581071510E+003   0.516545951192524111E+001  -0.272927246093750000E+002  -0.276081199645996094E+002  -0.980515351937695812E+001    1
   0.143822418611498382E+001   0.913125136636730872E+002   0.441055656647487648E+001  -0.272927017211914062E+002  -0.278980140686035156E+002  -0.981515351937695613E+001    1
   0.541972155243544251E+000   0.995823738562844483E+002   0.488106054892561758E+001  -0.272742462158203125E+002  -0.300403900146484375E+002  -0.982515351937695769E+001    1
   0.678523637512800204E+000   0.107808745732733883E+003   0.481870578750640988E+001  -0.272710456848144531E+002  -0.286410121917724609E+002  -0.983515351937696103E+001    1
   0.641319650590753243E+000   0.100398972772937626E+003   0.482782046265420473E+001  -0.272594966888427734E+002  -0.289975471496582031E+002  -0.984515351937696082E+001    1
