0.14 149.12683988628723 
0.14 149.13
0.14171428571428574 149.00423582510717 
0.14171428571428574 149.0
0.14342857142857143 148.9813459984677 
0.14342857142857143 148.98
0.14514285714285716 148.8756669703958 
0.14514285714285716 148.88
0.14685714285714288 148.80576758409444 
0.14685714285714288 148.81
0.14857142857142858 148.97280896796076 
0.14857142857142858 148.97
0.1502857142857143 148.9633419085377 
0.1502857142857143 148.96
0.15200000000000002 148.87985914110521 
0.15200000000000002 148.88
0.15371428571428572 148.67241373500212 
0.15371428571428572 148.67
0.15542857142857144 148.60759702980823 
0.15542857142857144 148.61
0.15714285714285714 148.5456255940989 
0.15714285714285714 148.55
0.15885714285714286 148.5146152186964 
0.15885714285714286 148.51
0.1605714285714286 148.30442926124186 
0.1605714285714286 148.3
0.1622857142857143 148.41710158732576 
0.1622857142857143 148.42
0.164 148.451385771778 
0.164 148.45
0.16571428571428573 148.23770009938218 
0.16571428571428573 148.24
0.16742857142857143 148.23289737731358 
0.16742857142857143 148.23
0.16914285714285715 148.11981896805258 
0.16914285714285715 148.12
0.17085714285714287 148.02115344932702 
0.17085714285714287 148.02
0.1725714285714286 147.97631744323064 
0.1725714285714286 147.98
0.1742857142857143 147.86237744117835 
0.1742857142857143 147.86
0.17600000000000002 147.77114625786723 
0.17600000000000002 147.77
0.1777142857142857 147.85628090719078 
0.1777142857142857 147.86
0.17942857142857144 147.88324245189443 
0.17942857142857144 147.88
0.18114285714285716 148.08309685741796 
0.18114285714285716 148.08
0.18285714285714288 148.0815243659767 
0.18285714285714288 148.08
0.18457142857142858 148.17090904386026 
0.18457142857142858 148.17
0.1862857142857143 148.22707193424475 
0.1862857142857143 148.23
0.188 148.43987362375134 
0.188 148.44
0.18971428571428572 148.47861886517168 
0.18971428571428572 148.48
0.19142857142857145 148.75380288818175 
0.19142857142857145 148.75
0.19314285714285714 149.0538165904069 
0.19314285714285714 149.05
0.19485714285714287 149.16442121449927 
0.19485714285714287 149.16
0.1965714285714286 149.3139655549818 
0.1965714285714286 149.31
0.1982857142857143 149.46127167234505 
0.1982857142857143 149.46
0.2 149.6822113886837 
0.2 149.68
# nseed = 30 with 36 points costs 5600.1 s