   0.933530926704406738E-001   0.717338120937347412E+002   0.414139306545257568E+001  -0.150321520996093750E+004  -0.460515351937698814E+001    1
   0.114799141883850098E+000   0.131674847602844238E+003   0.415468776226043701E+001  -0.132946655273437500E+004  -0.461515351937698259E+001    1
   0.247508928179740906E+001   0.790878331661224365E+002   0.588609361648559570E+001  -0.110118969726562500E+004  -0.462515351937698149E+001    1
   0.133071720600128174E+001   0.780367529392242432E+002   0.594586563110351562E+001  -0.105198864746093750E+004  -0.463515351937698661E+001    1
   0.184751033782958984E+001   0.640367066860198975E+002   0.585707652568817139E+001  -0.103032006835937500E+004  -0.464515351937698728E+001    1
   0.162547662854194641E+001   0.124896035194396973E+003   0.586698222160339355E+001  -0.102291265869140625E+004  -0.465515351937698174E+001    1
   0.159121736884117126E+001   0.150301030874252319E+003   0.586177980899810791E+001  -0.101991448974609375E+004  -0.466515351937698153E+001    1
   0.182539761066436768E+001   0.151954678297042847E+003   0.583466351032257080E+001  -0.101594293212890625E+004  -0.467515351937698398E+001    1
   0.204030573368072510E+000   0.866663074493408203E+002   0.422774732112884521E+001  -0.996258728027343750E+003  -0.468515351937698377E+001    1
   0.116732448339462280E+001   0.143901304006576538E+003   0.589438498020172119E+001  -0.974342834472656250E+003  -0.469515351937698444E+001    1
   0.225446522235870361E+001   0.104013649225234985E+003   0.573579406738281250E+001  -0.961452819824218750E+003  -0.470515351937698423E+001    1
   0.223455637693405151E+001   0.908320522308349609E+002   0.573599290847778320E+001  -0.959796569824218750E+003  -0.471515351937698135E+001    1
   0.136816903948783875E+001   0.670023715496063232E+002   0.579440784454345703E+001  -0.925030761718750000E+003  -0.472515351937698025E+001    1
   0.909163057804107666E-001   0.122590181827545166E+003   0.437060487270355225E+001  -0.924007263183593750E+003  -0.473515351937698448E+001    1
   0.192803308367729187E+001   0.108219317197799683E+003   0.569312608242034912E+001  -0.896258911132812500E+003  -0.474515351937698782E+001    1
   0.206906050443649292E+001   0.103982553482055664E+003   0.566152250766754150E+001  -0.884703857421875000E+003  -0.475515351937698494E+001    1
   0.168352410197257996E+001   0.899920320510864258E+002   0.570961356163024902E+001  -0.880915039062500000E+003  -0.476515351937698117E+001    1
   0.154999509453773499E+001   0.874175286293029785E+002   0.571010816097259521E+001  -0.868681701660156250E+003  -0.477515351937698451E+001    1
   0.217521160840988159E+001   0.111653742790222168E+003   0.561849057674407959E+001  -0.861621582031250000E+003  -0.478515351937698341E+001    1
   0.197632461786270142E+001   0.127027902603149414E+003   0.563170671463012695E+001  -0.861588073730468750E+003  -0.479515351937697876E+001    1
   0.208751574158668518E+001   0.795732533931732178E+002   0.563269972801208496E+001  -0.861002441406250000E+003  -0.480515351937698032E+001    1
   0.212690234184265137E+000   0.116768053770065308E+003   0.427720582485198975E+001  -0.855120422363281250E+003  -0.481515351937698277E+001    1
   0.231464505195617676E+001   0.870893573760986328E+002   0.556538140773773193E+001  -0.820391967773437500E+003  -0.482515351937698345E+001    1
   0.204740613698959351E+001   0.149389467239379883E+003   0.557574963569641113E+001  -0.816608093261718750E+003  -0.483515351937698323E+001    1
   0.708814263343811035E+000   0.889001047611236572E+002   0.584407436847686768E+001  -0.802523864746093750E+003  -0.484515351937698480E+001    1
   0.212767124176025391E+001   0.682768380641937256E+002   0.555523896217346191E+001  -0.798015014648437500E+003  -0.485515351937698814E+001    1
   0.183229893445968628E+000   0.101980367898941040E+003   0.437937104701995850E+001  -0.768197998046875000E+003  -0.486515351937698437E+001    1
   0.400209426879882812E+000   0.868283784389495850E+002   0.400812947750091553E+001  -0.737087402343750000E+003  -0.487515351937698149E+001    1
   0.209610879421234131E+001   0.731035566329956055E+002   0.548091101646423340E+001  -0.734219238281250000E+003  -0.488515351937698572E+001    1
   0.156646803021430969E+001   0.893342769145965576E+002   0.554149150848388672E+001  -0.721786315917968750E+003  -0.489515351937698817E+001    1
   0.987328737974166870E+000   0.110825273990631104E+003   0.565826034545898438E+001  -0.720267333984375000E+003  -0.490515351937698973E+001    1
   0.332895070314407349E+000   0.143066713809967041E+003   0.594251775741577148E+001  -0.716849853515625000E+003  -0.491515351937698775E+001    1
   0.104319512844085693E+001   0.113282004594802856E+003   0.563013458251953125E+001  -0.708756042480468750E+003  -0.492515351937698220E+001    1
   0.137087568640708923E+001   0.764879024028778076E+002   0.553988134860992432E+001  -0.701100036621093750E+003  -0.493515351937698199E+001    1
   0.260829776525497437E+000   0.143382350206375122E+003   0.430381822586059570E+001  -0.686700500488281250E+003  -0.494515351937698799E+001    1
   0.423339158296585083E+000   0.145828876495361328E+003   0.585521221160888672E+001  -0.679387573242187500E+003  -0.495515351937699045E+001    1
   0.158145189285278320E+001   0.131888923645019531E+003   0.547224593162536621E+001  -0.675869934082031250E+003  -0.496515351937698846E+001    1
   0.476325750350952148E+000   0.723763501644134521E+002   0.580792975425720215E+001  -0.662377441406250000E+003  -0.497515351937698824E+001    1
   0.116472244262695312E+000   0.142148498296737671E+003   0.595211255550384521E+001  -0.638331604003906250E+003  -0.498515351937698359E+001    1
   0.290399640798568726E+000   0.855268812179565430E+002   0.430590343475341797E+001  -0.635363464355468750E+003  -0.499515351937698426E+001    1
   0.257409512996673584E+000   0.144971022605895996E+003   0.434960114955902100E+001  -0.628389770507812500E+003  -0.500515351937698583E+001    1
   0.933560729026794434E-001   0.139670900106430054E+003   0.593580043315887451E+001  -0.621423522949218750E+003  -0.501515351937698384E+001    1
   0.561778247356414795E+000   0.125792959928512573E+003   0.569993007183074951E+001  -0.617485534667968750E+003  -0.502515351937698451E+001    1
   0.172921016812324524E+001   0.641180908679962158E+002   0.537108612060546875E+001  -0.599803161621093750E+003  -0.503515351937698608E+001    1
   0.776620656251907349E+000   0.135794559717178345E+003   0.557973492145538330E+001  -0.598963806152343750E+003  -0.504515351937698409E+001    1
   0.105661377310752869E+001   0.983457422256469727E+002   0.548611307144165039E+001  -0.586166931152343750E+003  -0.505515351937698298E+001    1
   0.228547766804695129E+001   0.990423476696014404E+002   0.529685592651367188E+001  -0.581776245117187500E+003  -0.506515351937698455E+001    1
   0.247488662600517273E+001   0.972619092464447021E+002   0.527741181850433350E+001  -0.579551513671875000E+003  -0.507515351937697989E+001    1
   0.836829990148544312E+000   0.732932603359222412E+002   0.553426218032836914E+001  -0.576176940917968750E+003  -0.508515351937698501E+001    1
   0.239763259887695312E+000   0.133509913682937622E+003   0.585203075408935547E+001  -0.575778991699218750E+003  -0.509515351937699013E+001    1
   0.107625275850296021E+000   0.107919225692749023E+003   0.589098918437957764E+001  -0.569066955566406250E+003  -0.510515351937699080E+001    1
   0.186174690723419189E+001   0.157443258762359619E+003   0.529543042182922363E+001  -0.567950988769531250E+003  -0.511515351937698348E+001    1
   0.359650850296020508E+000   0.761159157752990723E+002   0.424612212181091309E+001  -0.565768615722656250E+003  -0.512515351937698238E+001    1
   0.339724868535995483E+000   0.144734332561492920E+003   0.427171015739440918E+001  -0.555937255859375000E+003  -0.513515351937698394E+001    1
   0.532142668962478638E+000   0.947658753395080566E+002   0.564917027950286865E+001  -0.549443664550781250E+003  -0.514515351937697751E+001    1
   0.201154932379722595E+001   0.678432738780975342E+002   0.527601408958435059E+001  -0.549429687500000000E+003  -0.515515351937698085E+001    1
   0.131566822528839111E-001   0.108087716102600098E+003   0.585901165008544922E+001  -0.548479980468750000E+003  -0.516515351937698330E+001    1
   0.240015789866447449E+001   0.102336684465408325E+003   0.523981189727783203E+001  -0.547443298339843750E+003  -0.517515351937698220E+001    1
   0.231831684708595276E+001   0.610171592235565186E+002   0.525120043754577637E+001  -0.547296630859375000E+003  -0.518515351937698643E+001    1
   0.208261579275131226E+001   0.155355212688446045E+003   0.523201298713684082E+001  -0.538669189453125000E+003  -0.519515351937698533E+001    1
   0.658986121416091919E+000   0.144714949131011963E+003   0.555168724060058594E+001  -0.526401611328125000E+003  -0.520515351937697623E+001    1
   0.154979065060615540E+001   0.991226530075073242E+002   0.528663039207458496E+001  -0.506556213378906250E+003  -0.521515351937698224E+001    1
   0.112232550978660583E+001   0.732128536701202393E+002   0.536900162696838379E+001  -0.501338012695312500E+003  -0.522515351937697670E+001    1
   0.211890593171119690E+001   0.146828482151031494E+003   0.518036770820617676E+001  -0.493938079833984375E+003  -0.523515351937698092E+001    1
   0.475615561008453369E+000   0.603731310367584229E+002   0.559488189220428467E+001  -0.472519042968750000E+003  -0.524515351937698071E+001    1
   0.314980745315551758E-002   0.794035530090332031E+002   0.576231360435485840E+001  -0.467984008789062500E+003  -0.525515351937698583E+001    1
   0.268413126468658447E+000   0.152766851186752319E+003   0.569041216373443604E+001  -0.450372955322265625E+003  -0.526515351937698739E+001    1
   0.144499123096466064E+001   0.150749645233154297E+003   0.518807804584503174E+001  -0.433892486572265625E+003  -0.527515351937698007E+001    1
   0.886391103267669678E-001   0.155491796731948853E+003   0.568634557723999023E+001  -0.412549652099609375E+003  -0.528515351937697542E+001    1
   0.562419891357421875E+000   0.826504147052764893E+002   0.547573399543762207E+001  -0.409923797607421875E+003  -0.529515351937697609E+001    1
   0.192853212356567383E+000   0.124190530776977539E+003   0.460847938060760498E+001  -0.393799957275390625E+003  -0.530515351937697677E+001    1
   0.103137195110321045E+001   0.152176300287246704E+003   0.521268153190612793E+001  -0.385949249267578125E+003  -0.531515351937698188E+001    1
   0.152827799320220947E-001   0.647852039337158203E+002   0.487801206111907959E+001  -0.377212799072265625E+003  -0.532515351937698078E+001    1
   0.107988506555557251E+001   0.118713328838348389E+003   0.520685958862304688E+001  -0.374476654052734375E+003  -0.533515351937697613E+001    1
   0.240599274635314941E+001   0.905525243282318115E+002   0.500230109691619873E+001  -0.368129058837890625E+003  -0.534515351937697680E+001    1
   0.133906990289688110E+001   0.995005762577056885E+002   0.514394211769104004E+001  -0.366796783447265625E+003  -0.535515351937698103E+001    1
   0.602494776248931885E+000   0.809805309772491455E+002   0.540623009204864502E+001  -0.363898101806640625E+003  -0.536515351937698171E+001    1
   0.960499048233032227E-001   0.119630966186523438E+003   0.563363707065582275E+001  -0.354298217773437500E+003  -0.537515351937698238E+001    1
   0.178563863039016724E+001   0.765068507194519043E+002   0.503638112545013428E+001  -0.346598388671875000E+003  -0.538515351937698128E+001    1
   0.988107919692993164E-001   0.600975370407104492E+002   0.560486912727355957E+001  -0.337723754882812500E+003  -0.539515351937698018E+001    1
   0.322623401880264282E+000   0.156233630180358887E+003   0.552771115303039551E+001  -0.337127380371093750E+003  -0.540515351937698263E+001    1
   0.779784917831420898E+000   0.122360811233520508E+003   0.527112674713134766E+001  -0.334862487792968750E+003  -0.541515351937698153E+001    1
   0.230130404233932495E+001   0.136851189136505127E+003   0.492999076843261719E+001  -0.326498413085937500E+003  -0.542515351937697865E+001    1
   0.166139766573905945E+001   0.970576381683349609E+002   0.502687358856201172E+001  -0.322254760742187500E+003  -0.543515351937697933E+001    1
   0.185677409172058105E-001   0.807956135272979736E+002   0.495439994335174561E+001  -0.303181152343750000E+003  -0.544515351937698178E+001    1
   0.204771742224693298E+001   0.153713533878326416E+003   0.490195262432098389E+001  -0.301011077880859375E+003  -0.545515351937698245E+001    1
   0.114386409521102905E+001   0.150702337026596069E+003   0.507619214057922363E+001  -0.300040039062500000E+003  -0.546515351937698401E+001    1
   0.672617405652999878E+000   0.803891217708587646E+002   0.406520295143127441E+001  -0.285926574707031250E+003  -0.547515351937698025E+001    1
   0.822544097900390625E-004   0.105628631114959717E+003   0.546403324604034424E+001  -0.277750701904296875E+003  -0.548515351937698004E+001    1
   0.179096490144729614E+001   0.101319876909255981E+003   0.493079233169555664E+001  -0.276934783935546875E+003  -0.549515351937697805E+001    1
   0.782456099987030029E+000   0.102290431261062622E+003   0.518895173072814941E+001  -0.276245605468750000E+003  -0.550515351937697694E+001    1
   0.225384876132011414E+001   0.865951037406921387E+002   0.486679518222808838E+001  -0.275687347412109375E+003  -0.551515351937698295E+001    1
   0.200153291225433350E+000   0.621720826625823975E+002   0.552344167232513428E+001  -0.273352264404296875E+003  -0.552515351937698185E+001    1
   0.450798124074935913E+000   0.151790056228637695E+003   0.440200817584991455E+001  -0.272985656738281250E+003  -0.553515351937698163E+001    1
   0.119548395276069641E+001   0.682659125328063965E+002   0.504548418521881104E+001  -0.272218475341796875E+003  -0.554515351937698142E+001    1
   0.357309877872467041E+000   0.914906895160675049E+002   0.452911388874053955E+001  -0.272217895507812500E+003  -0.555515351937698032E+001    1
   0.817859470844268799E+000   0.146866581439971924E+003   0.514028298854827881E+001  -0.268464782714843750E+003  -0.556515351937698544E+001    1
   0.220389187335968018E+001   0.915095603466033936E+002   0.486414766311645508E+001  -0.267127929687500000E+003  -0.557515351937698611E+001    1
   0.223680168390274048E+001   0.153536818027496338E+003   0.481155240535736084E+001  -0.260259277343750000E+003  -0.558515351937698146E+001    1
   0.148324027657508850E+001   0.158111528158187866E+003   0.491018903255462646E+001  -0.259336853027343750E+003  -0.559515351937697680E+001    1
   0.111268863081932068E+001   0.730804717540740967E+002   0.503316664695739746E+001  -0.256313446044921875E+003  -0.560515351937697748E+001    1
   0.491733849048614502E+000   0.146593168973922729E+003   0.527986514568328857E+001  -0.241139968872070312E+003  -0.561515351937697904E+001    1
   0.763637423515319824E+000   0.120851144790649414E+003   0.403077995777130127E+001  -0.240151687622070312E+003  -0.562515351937698060E+001    1
   0.465901345014572144E+000   0.132104477882385254E+003   0.441205406188964844E+001  -0.239819503784179688E+003  -0.563515351937698039E+001    1
   0.325835347175598145E+000   0.120502630472183228E+003   0.541158890724182129E+001  -0.236300125122070312E+003  -0.564515351937698284E+001    1
   0.118903532624244690E+001   0.120721141099929810E+003   0.497062051296234131E+001  -0.233680496215820312E+003  -0.565515351937698085E+001    1
   0.625243633985519409E+000   0.104523423910140991E+003   0.520535767078399658E+001  -0.233537628173828125E+003  -0.566515351937697975E+001    1
   0.709187537431716919E+000   0.144875696897506714E+003   0.414209699630737305E+001  -0.227443527221679688E+003  -0.567515351937697954E+001    1
   0.194466888904571533E+001   0.137962428331375122E+003   0.478998363018035889E+001  -0.223076034545898438E+003  -0.568515351937697666E+001    1
   0.107606142759323120E+001   0.900657033920288086E+002   0.500234615802764893E+001  -0.222518722534179688E+003  -0.569515351937697734E+001    1
   0.533312405217556851E+000   0.757555287618010453E+002   0.436652158201442475E+001  -0.218925704956054688E+003  -0.570515351937697890E+001    1
   0.121168941259384155E+000   0.127499172687530518E+003   0.487613797187805176E+001  -0.212729385375976562E+003  -0.571515351937697780E+001    1
   0.372734516859054565E+000   0.151611319780349731E+003   0.458724212646484375E+001  -0.210609130859375000E+003  -0.572515351937697403E+001    1
   0.127029269933700562E+001   0.128616461753845215E+003   0.490556263923645020E+001  -0.207619140625000000E+003  -0.573515351937697382E+001    1
   0.798372924327850342E-001   0.756587660312652588E+002   0.537574851512908936E+001  -0.206614715576171875E+003  -0.574515351937697805E+001    1
   0.653897970914840698E+000   0.103422538042068481E+003   0.423680984973907471E+001  -0.205410614013671875E+003  -0.575515351937698227E+001    1
   0.508606433868408203E-001   0.108651063442230225E+003   0.536657679080963135E+001  -0.205363098144531250E+003  -0.576515351937698384E+001    1
   0.117121684745056867E+000   0.103313555631746311E+003   0.542831834309020600E+001  -0.200610671997070312E+003  -0.577515351937697918E+001    1
   0.405908226966857910E+000   0.141948786973953247E+003   0.525164854526519775E+001  -0.188148788452148438E+003  -0.578515351937698075E+001    1
   0.202930271625518799E+000   0.962426340579986572E+002   0.482358753681182861E+001  -0.187969604492187500E+003  -0.579515351937698409E+001    1
   0.702813267707824707E-001   0.779375410079956055E+002   0.531189429759979248E+001  -0.187876724243164062E+003  -0.580515351937698565E+001    1
   0.167163327336311340E+001   0.112090269327163696E+003   0.478169047832489014E+001  -0.187271682739257812E+003  -0.581515351937698366E+001    1
   0.727380812168121338E-001   0.936862325668334961E+002   0.502960586547851562E+001  -0.186909927368164062E+003  -0.582515351937698256E+001    1
   0.546258738090659279E+000   0.132663655430185145E+003   0.515999708667711854E+001  -0.185712051391601562E+003  -0.583515351937698412E+001    1
   0.134697109460830688E+000   0.118021420240402222E+003   0.539992022514343262E+001  -0.185659011840820312E+003  -0.584515351937698391E+001    1
   0.233293265104293823E+001   0.113437000513076782E+003   0.466029095649719238E+001  -0.182310440063476562E+003  -0.585515351937697837E+001    1
   0.235691115260124207E+001   0.149000320434570312E+003   0.461462485790252686E+001  -0.178998123168945312E+003  -0.586515351937697371E+001    1
   0.115166664123535156E+001   0.111072174310684204E+003   0.488287043571472168E+001  -0.178297973632812500E+003  -0.587515351937697705E+001    1
   0.175926581025123596E+001   0.627818202972412109E+002   0.474231982231140137E+001  -0.178259201049804688E+003  -0.588515351937697684E+001    1
   0.235030397772789001E+001   0.156639037132263184E+003   0.460060000419616699E+001  -0.176725769042968750E+003  -0.589515351937697751E+001    1
   0.173638731241226196E+001   0.157249126434326172E+003   0.468566644191741943E+001  -0.175285263061523438E+003  -0.590515351937697286E+001    1
   0.149982869625091553E+000   0.143990818262100220E+003   0.490650522708892822E+001  -0.170294097900390625E+003  -0.591515351937697531E+001    1
   0.184295911982355620E+000   0.135486224979134022E+003   0.486296585320865660E+001  -0.165497619628906250E+003  -0.592515351937697687E+001    1
   0.895109772682189941E-001   0.742798364162445068E+002   0.525983512401580811E+001  -0.162622436523437500E+003  -0.593515351937697400E+001    1
   0.126535058021545410E+001   0.807020640373229980E+002   0.481438088417053223E+001  -0.160059341430664062E+003  -0.594515351937698000E+001    1
   0.178671151399612427E+001   0.627505397796630859E+002   0.468981218338012695E+001  -0.157042221069335938E+003  -0.595515351937698156E+001    1
   0.119946658611297607E+001   0.134221253395080566E+003   0.479047358036041260E+001  -0.156488586425781250E+003  -0.596515351937697336E+001    1
   0.615381896495819092E+000   0.142553136348724365E+003   0.439923071861267090E+001  -0.154869216918945312E+003  -0.597515351937696959E+001    1
   0.258551388978958130E+000   0.872591352462768555E+002   0.481301999092102051E+001  -0.153159744262695312E+003  -0.598515351937697559E+001    1
   0.230093151330947876E+000   0.159622470140457153E+003   0.486711704730987549E+001  -0.148735000610351562E+003  -0.599515351937697627E+001    1
   0.185417160391807556E+001   0.645446634292602539E+002   0.464613986015319824E+001  -0.146805618286132812E+003  -0.600515351937697517E+001    1
   0.871019065380096436E+000   0.148964277505874634E+003   0.419980800151824951E+001  -0.146448898315429688E+003  -0.601515351937697851E+001    1
   0.697592645883560181E+000   0.824224865436553955E+002   0.501052713394165039E+001  -0.146447296142578125E+003  -0.602515351937697829E+001    1
   0.100396394729614258E+001   0.855939602851867676E+002   0.406002175807952881E+001  -0.143703872680664062E+003  -0.603515351937697453E+001    1
   0.764053612947463989E+000   0.770760929584503174E+002   0.427235853672027588E+001  -0.142709503173828125E+003  -0.604515351937697520E+001    1
   0.244552612304687500E+001   0.145803419351577759E+003   0.449561512470245361E+001  -0.140656188964843750E+003  -0.605515351937697410E+001    1
   0.102210026734148585E+001   0.150466286959090041E+003   0.409181348205172046E+001  -0.140523559570312500E+003  -0.606515351937697478E+001    1
   0.111499102509279702E+001   0.139704012470223091E+003   0.476989945777385849E+001  -0.139277297973632812E+003  -0.607515351937697723E+001    1
   0.105419084429740906E+001   0.726546442508697510E+002   0.482874119281768799E+001  -0.138558975219726562E+003  -0.608515351937697790E+001    1
   0.485774577215015213E+000   0.129365781864438929E+003   0.457757912610249473E+001  -0.136463851928710938E+003  -0.609515351937697769E+001    1
   0.904701948165893555E+000   0.111014375686645508E+003   0.486141383647918701E+001  -0.132751998901367188E+003  -0.610515351937697481E+001    1
   0.786487687551078007E+000   0.801266456183255684E+002   0.428746601053330600E+001  -0.131404937744140625E+003  -0.611515351937697282E+001    1
   0.185345664620399475E+001   0.122899178266525269E+003   0.457724809646606445E+001  -0.130196228027343750E+003  -0.612515351937697528E+001    1
   0.146424683804919908E+001   0.137696633019286935E+003   0.463972117633088654E+001  -0.129058837890625000E+003  -0.613515351937697417E+001    1
   0.613782856915600528E+000   0.927990662616291928E+002   0.501809856197676574E+001  -0.127150222778320312E+003  -0.614515351937697485E+001    1
   0.147429783369269662E+001   0.877890340011822872E+002   0.467447151063283162E+001  -0.126891456604003906E+003  -0.615515351937697819E+001    1
   0.181030091416485828E+001   0.141549755892802750E+003   0.453353896993709249E+001  -0.125713470458984375E+003  -0.616515351937697620E+001    1
   0.821453034877777100E+000   0.106720421314239502E+003   0.427946281433105469E+001  -0.124483787536621094E+003  -0.617515351937697776E+001    1
   0.667730367855803864E+000   0.100027081844060660E+003   0.441650528295915645E+001  -0.123214149475097656E+003  -0.618515351937698288E+001    1
   0.225761278082519290E+001   0.884744325725803407E+002   0.450456003721960130E+001  -0.122715599060058594E+003  -0.619515351937698000E+001    1
   0.664672655528032674E+000   0.157579395322088999E+003   0.449576032594187502E+001  -0.122144622802734375E+003  -0.620515351937697535E+001    1
   0.120449734094708805E+001   0.124139623520824387E+003   0.470194517028200742E+001  -0.120160522460937500E+003  -0.621515351937697247E+001    1
   0.881400257349014282E+000   0.135471735000610352E+003   0.424141502380371094E+001  -0.120074279785156250E+003  -0.622515351937697314E+001    1
   0.201963156461715698E+001   0.137919280529022217E+003   0.448581385612487793E+001  -0.119112014770507812E+003  -0.623515351937697559E+001    1
   0.877700104043927065E+000   0.739135918460713555E+002   0.484972249513586995E+001  -0.119026458740234375E+003  -0.624515351937698071E+001    1
   0.147627165979329611E+001   0.624739077769452393E+002   0.463346938523566809E+001  -0.118795715332031250E+003  -0.625515351937697694E+001    1
   0.375217950575641113E+000   0.786184407965218099E+002   0.474659004646197324E+001  -0.118563354492187500E+003  -0.626515351937697407E+001    1
   0.107190125061293062E+001   0.134171109779002194E+003   0.473605898701211192E+001  -0.118530067443847656E+003  -0.627515351937697385E+001    1
   0.344059914350509644E+000   0.149973944425582886E+003   0.478781509399414062E+001  -0.117966461181640625E+003  -0.628515351937697986E+001    1
   0.220596077951545400E+000   0.125603232858163253E+003   0.492198263588276941E+001  -0.114233108520507812E+003  -0.629515351937697432E+001    1
   0.567192163793392878E+000   0.122240654131078912E+003   0.498619062388981238E+001  -0.111733261108398438E+003  -0.630515351937697766E+001    1
   0.108044818043708801E+001   0.155697069168090820E+003   0.426718842983245850E+001  -0.110342422485351562E+003  -0.631515351937697567E+001    1
   0.134279415011405945E+001   0.693643903732299805E+002   0.400387203693389893E+001  -0.109846771240234375E+003  -0.632515351937697190E+001    1
   0.731562972068786621E+000   0.145222840309143066E+003   0.443781960010528564E+001  -0.109654167175292969E+003  -0.633515351937697790E+001    1
   0.109452784061431885E+001   0.898554122447967529E+002   0.472395312786102295E+001  -0.108050010681152344E+003  -0.634515351937697858E+001    1
   0.110232993960380554E+001   0.643927133083343506E+002   0.470407497882843018E+001  -0.107555252075195312E+003  -0.635515351937697659E+001    1
   0.198027178645133972E+001   0.893143033981323242E+002   0.448360085487365723E+001  -0.107419883728027344E+003  -0.636515351937697371E+001    1
   0.135964696957179187E+001   0.149279825299697137E+003   0.410785820409947178E+001  -0.106198745727539062E+003  -0.637515351937697350E+001    1
   0.122953351624007734E+001   0.138996886856665583E+003   0.462079254612839385E+001  -0.105651702880859375E+003  -0.638515351937697861E+001    1
   0.125472299210743965E+001   0.659304824850717353E+002   0.406701733753525829E+001  -0.105129760742187500E+003  -0.639515351937698195E+001    1
   0.206323981285095215E+001   0.103931072950363159E+003   0.446478080749511719E+001  -0.105085708618164062E+003  -0.640515351937697730E+001    1
   0.205752655863761902E+001   0.119991329908370972E+003   0.442127990722656250E+001  -0.104587730407714844E+003  -0.641515351937697620E+001    1
   0.782843278444855240E+000   0.811255395347377544E+002   0.484741654316811310E+001  -0.104437164306640625E+003  -0.642515351937697776E+001    1
   0.169045521075890792E+001   0.133328465181841125E+003   0.445961300739698085E+001  -0.104348213195800781E+003  -0.643515351937697222E+001    1
   0.680691393745233242E+000   0.149698209945112069E+003   0.451913069984990212E+001  -0.104172042846679688E+003  -0.644515351937697556E+001    1
   0.141630053520202637E+001   0.159305492639541626E+003   0.431593894958496094E+001  -0.103383987426757812E+003  -0.645515351937697535E+001    1
   0.163858971613744231E+001   0.114378880722262863E+003   0.452741915273815287E+001  -0.103012710571289062E+003  -0.646515351937697513E+001    1
   0.121920242905616760E+001   0.133965692520141602E+003   0.411538648605346680E+001  -0.102806472778320312E+003  -0.647515351937697048E+001    1
   0.498903531411910017E+000   0.819121301083697517E+002   0.465510663827351490E+001  -0.102075515747070312E+003  -0.648515351937697559E+001    1
   0.725832581520080566E+000   0.875372266769409180E+002   0.486196911334991455E+001  -0.101563903808593750E+003  -0.649515351937697538E+001    1
   0.458041226182366368E+000   0.911592200068888872E+002   0.503669044562690349E+001  -0.995893859863281250E+002  -0.650515351937697694E+001    1
   0.114341550352083510E+001   0.131147283802821391E+003   0.464192945444205929E+001  -0.994077606201171875E+002  -0.651515351937697318E+001    1
   0.132656705037008882E+001   0.694271464609445133E+002   0.457222279856898250E+001  -0.989203796386718750E+002  -0.652515351937697652E+001    1
   0.165537323186881258E+001   0.131050387615092177E+003   0.446591652670400840E+001  -0.987205657958984375E+002  -0.653515351937697631E+001    1
   0.206262841820716858E+001   0.993234431743621826E+002   0.441206645965576172E+001  -0.977963027954101562E+002  -0.654515351937697609E+001    1
   0.923507990626257658E+000   0.148430097434506365E+003   0.439306134780362889E+001  -0.976432037353515625E+002  -0.655515351937696966E+001    1
   0.137704685330390930E+001   0.735755360126495361E+002   0.456574571132659912E+001  -0.975604019165039062E+002  -0.656515351937697567E+001    1
   0.191306963088670678E+001   0.789695326366094434E+002   0.445531024647175311E+001  -0.974762878417968750E+002  -0.657515351937698256E+001    1
   0.102312076023668408E+001   0.127775020210624390E+003   0.425198075532243358E+001  -0.974052429199218750E+002  -0.658515351937698501E+001    1
   0.105714306385881440E+001   0.144569148759886275E+003   0.460668371882838290E+001  -0.974027557373046875E+002  -0.659515351937696881E+001    1
   0.184966102242469788E+001   0.157616261243820190E+003   0.415293848514556885E+001  -0.971163940429687500E+002  -0.660515351937696948E+001    1
   0.948841720819473267E+000   0.114636526107788086E+003   0.474002802371978760E+001  -0.971008224487304688E+002  -0.661515351937697371E+001    1
   0.105442069860627630E+001   0.122172615664957220E+003   0.423119440728563756E+001  -0.968855133056640625E+002  -0.662515351937697705E+001    1
   0.130561664700508118E+001   0.157596317529678345E+003   0.438020086288452148E+001  -0.968670578002929688E+002  -0.663515351937697861E+001    1
   0.173694320115846268E+001   0.681099708771868251E+002   0.445978605817501883E+001  -0.968604049682617188E+002  -0.664515351937698107E+001    1
   0.446596657583122114E+000   0.931992615238465305E+002   0.503527623371758892E+001  -0.965712356567382812E+002  -0.665515351937697286E+001    1
   0.227804609537496860E+001   0.119318825209297216E+003   0.434930715419948566E+001  -0.965199584960937500E+002  -0.666515351937697353E+001    1
   0.198958183605537453E+001   0.929071347492140944E+002   0.443461018329057843E+001  -0.964083480834960938E+002  -0.667515351937697510E+001    1
   0.184827510009786167E+001   0.156613783661239495E+003   0.426454285589543325E+001  -0.957107467651367188E+002  -0.668515351937697488E+001    1
   0.171513319015502930E+001   0.641867733001708984E+002   0.447146141529083252E+001  -0.954805450439453125E+002  -0.669515351937697734E+001    1
   0.209232121706008911E+000   0.827920353412628174E+002   0.513606071472167969E+001  -0.954535751342773438E+002  -0.670515351937697446E+001    1
   0.884931174990589042E+000   0.658321887871341431E+002   0.438156133507688583E+001  -0.953714523315429688E+002  -0.671515351937697247E+001    1
   0.907450318336486816E+000   0.606328642368316650E+002   0.435589993000030518E+001  -0.951698379516601562E+002  -0.672515351937697314E+001    1
   0.131219441699168105E+001   0.878352213440712433E+002   0.407057135857197139E+001  -0.942005310058593750E+002  -0.673515351937697382E+001    1
   0.120124407261477217E+001   0.140330205068490869E+003   0.453975395567598827E+001  -0.941423034667968750E+002  -0.674515351937697183E+001    1
   0.239076659823595161E+001   0.116459669751312404E+003   0.433795831300284096E+001  -0.940027389526367188E+002  -0.675515351937697428E+001    1
   0.159300188705113399E+001   0.629668836171149309E+002   0.447085962972043571E+001  -0.939997787475585938E+002  -0.676515351937697584E+001    1
   0.244427855764878288E+001   0.109260019061835052E+003   0.432829128450685552E+001  -0.937581710815429688E+002  -0.677515351937697829E+001    1
   0.101550297076004381E+001   0.116438242941692181E+003   0.467390007812080821E+001  -0.934950408935546875E+002  -0.678515351937697098E+001    1
   0.170532464981079102E+001   0.108812484741210938E+003   0.446866142749786377E+001  -0.928328247070312500E+002  -0.679515351937697432E+001    1
   0.931921871478476160E+000   0.856643452685914184E+002   0.433394506299849969E+001  -0.927611007690429688E+002  -0.680515351937697410E+001    1
   0.182599473852828287E+001   0.150606591675403649E+003   0.424461918154580076E+001  -0.922254180908203125E+002  -0.681515351937697567E+001    1
   0.629070514535446490E+000   0.630662585211061284E+002   0.488308868312358157E+001  -0.918024368286132812E+002  -0.682515351937697723E+001    1
   0.127953172406277260E+001   0.141435214749566740E+003   0.446801962153924848E+001  -0.904591674804687500E+002  -0.683515351937697613E+001    1
   0.144283617354936755E+001   0.111238869138802556E+003   0.405919060792271136E+001  -0.903711776733398438E+002  -0.684515351937697059E+001    1
   0.114881061871904921E+001   0.775808109665686487E+002   0.422557758104138337E+001  -0.900404586791992188E+002  -0.685515351937697126E+001    1
   0.103515505790710449E+001   0.102075103521347046E+003   0.466307449340820312E+001  -0.899306564331054688E+002  -0.686515351937697371E+001    1
   0.113575084791309422E+001   0.141931048382872973E+003   0.436044267609964908E+001  -0.898137664794921875E+002  -0.687515351937697083E+001    1
   0.152907539159759853E+001   0.121462185421935658E+003   0.445437555656764150E+001  -0.897787094116210938E+002  -0.688515351937697062E+001    1
   0.144303470849990845E+001   0.142289385795593262E+003   0.414752244949340820E+001  -0.897187728881835938E+002  -0.689515351937697307E+001    1
   0.139518216252326965E+001   0.146668723821640015E+003   0.442574071884155273E+001  -0.896111221313476562E+002  -0.690515351937697019E+001    1
   0.162331267242138155E+001   0.701307372547986461E+002   0.404020552364171781E+001  -0.891172180175781250E+002  -0.691515351937697176E+001    1
   0.194003280910630593E+001   0.957257363625634525E+002   0.439606241600433645E+001  -0.890590209960937500E+002  -0.692515351937697421E+001    1
   0.950332159623154205E+000   0.841685107180045691E+002   0.436290455893896834E+001  -0.886671524047851562E+002  -0.693515351937697400E+001    1
   0.715424393380121315E+000   0.714553583279495683E+002   0.450753433738596954E+001  -0.882119522094726562E+002  -0.694515351937697556E+001    1
   0.153047705668561917E+001   0.134499759834279672E+003   0.442854379188232894E+001  -0.879775390625000000E+002  -0.695515351937697623E+001    1
   0.150058516818585996E+001   0.136487030604557390E+003   0.415898421404067253E+001  -0.878750610351562500E+002  -0.696515351937697869E+001    1
   0.158665901446015756E+001   0.684276418502418267E+002   0.408208864326368825E+001  -0.874919357299804688E+002  -0.697515351937697670E+001    1
   0.153193711625447038E+001   0.608499850856809985E+002   0.445683434964518455E+001  -0.873099136352539062E+002  -0.698515351937697471E+001    1
   0.105379790067672729E+001   0.132292357683181763E+003   0.433354890346527100E+001  -0.868492202758789062E+002  -0.699515351937697627E+001    1
   0.187041335187727342E+001   0.824615559518743453E+002   0.439376924015783299E+001  -0.867529373168945312E+002  -0.700515351937697339E+001    1
   0.120388998136828085E+001   0.139788643448030541E+003   0.429605969290357859E+001  -0.865549850463867188E+002  -0.701515351937697229E+001    1
   0.159339281126866350E+001   0.146504537824948471E+003   0.415200545560629752E+001  -0.862318572998046875E+002  -0.702515351937697385E+001    1
   0.154743456414813574E+001   0.620683783558710900E+002   0.441524550007668903E+001  -0.860648956298828125E+002  -0.703515351937696920E+001    1
   0.208948499066993909E+001   0.106986580203691616E+003   0.434456577881581030E+001  -0.858222732543945312E+002  -0.704515351937696899E+001    1
   0.221212640404701233E+001   0.138261667490005493E+003   0.422522282600402832E+001  -0.857809600830078125E+002  -0.705515351937697233E+001    1
   0.112450117113742554E+001   0.143513229841676150E+003   0.436164699891328844E+001  -0.857653808593750000E+002  -0.706515351937697300E+001    1
   0.968215988547849182E+000   0.141248959979160247E+003   0.450538583449049490E+001  -0.856955871582031250E+002  -0.707515351937697190E+001    1
   0.241486787515113699E+001   0.133233807559478578E+003   0.411926585085738228E+001  -0.856779098510742188E+002  -0.708515351937697524E+001    1
   0.372909903526306152E+000   0.136269316673278809E+003   0.488272154331207275E+001  -0.855152359008789062E+002  -0.709515351937697947E+001    1
   0.105665951967239380E+001   0.974018847942352295E+002   0.428708493709564209E+001  -0.852206878662109375E+002  -0.710515351937697481E+001    1
   0.605380386114120483E+000   0.667198693752288818E+002   0.486216485500335693E+001  -0.851944732666015625E+002  -0.711515351937697194E+001    1
   0.700860971490438911E+000   0.131257396700406389E+003   0.475205418290385229E+001  -0.851759033203125000E+002  -0.712515351937697261E+001    1
   0.152266250842765705E+001   0.133842378699394715E+003   0.437706579861580725E+001  -0.851614151000976562E+002  -0.713515351937696796E+001    1
   0.427716672420501709E+000   0.668573236465454102E+002   0.497478199005126953E+001  -0.851309127807617188E+002  -0.714515351937696508E+001    1
   0.753538378817786736E+000   0.120970538310809246E+003   0.476073866102804999E+001  -0.850453414916992188E+002  -0.715515351937696753E+001    1
   0.246389382067640561E+001   0.879486488538388471E+002   0.428308066909258844E+001  -0.850379943847656250E+002  -0.716515351937696821E+001    1
   0.146863006632965809E+001   0.128351355303344974E+003   0.413995011530251222E+001  -0.850180053710937500E+002  -0.717515351937696444E+001    1
   0.184556350111961365E+001   0.139632127285003662E+003   0.431188738346099854E+001  -0.849276351928710938E+002  -0.718515351937696511E+001    1
   0.204136814908468711E+001   0.132790798558120258E+003   0.426403854888675493E+001  -0.846985473632812500E+002  -0.719515351937696845E+001    1
   0.163824766874313354E+001   0.117874935865402222E+003   0.406832551956176758E+001  -0.846418533325195312E+002  -0.720515351937697446E+001    1
   0.115480701139006858E+001   0.138345743860448636E+003   0.444517440204150738E+001  -0.845889053344726562E+002  -0.721515351937697869E+001    1
   0.170899978927790208E+001   0.831026930732122651E+002   0.439226274290499852E+001  -0.845864257812500000E+002  -0.722515351937697670E+001    1
   0.131981207156198188E+001   0.942128068841286961E+002   0.416897276592009014E+001  -0.845061187744140625E+002  -0.723515351937696849E+001    1
   0.409106382321521966E+000   0.633919292189088281E+002   0.491230286126244664E+001  -0.842714691162109375E+002  -0.724515351937696384E+001    1
   0.128405537896793742E+001   0.132889467535792534E+003   0.447537332871631488E+001  -0.842429656982421875E+002  -0.725515351937697073E+001    1
   0.115553876718092452E+001   0.142536861490666695E+003   0.439603750021189565E+001  -0.839722671508789062E+002  -0.726515351937697051E+001    1
   0.199166656917327467E+001   0.138318969999489639E+003   0.418100758651205862E+001  -0.838897552490234375E+002  -0.727515351937696853E+001    1
   0.103574931621551514E+001   0.136480573415756226E+003   0.449833500385284424E+001  -0.834535064697265625E+002  -0.728515351937696742E+001    1
   0.158935545942305390E+001   0.140624932151729183E+003   0.424179433735488232E+001  -0.833256988525390625E+002  -0.729515351937696988E+001    1
   0.684334708152858462E+000   0.639937699943084652E+002   0.479640788488738057E+001  -0.831023559570312500E+002  -0.730515351937697766E+001    1
   0.759605127962784454E+000   0.130576722166255081E+003   0.474560249054538197E+001  -0.827567672729492188E+002  -0.731515351937697655E+001    1
   0.123316094084945638E+001   0.730148821106993040E+002   0.425342075435747802E+001  -0.826947174072265625E+002  -0.732515351937697723E+001    1
   0.170741945917291149E+001   0.123074208017898414E+003   0.437401759299942139E+001  -0.826768417358398438E+002  -0.733515351937697524E+001    1
   0.201401785016059875E+001   0.131343821287155151E+003   0.402087819576263428E+001  -0.825869827270507812E+002  -0.734515351937696614E+001    1
   0.426451089727883648E+000   0.112305686087921060E+003   0.478647768801095719E+001  -0.825132827758789062E+002  -0.735515351937696948E+001    1
   0.500235019203919440E+000   0.135503948505394533E+003   0.486434482758987841E+001  -0.822805328369140625E+002  -0.736515351937697105E+001    1
   0.109728218804943678E+001   0.605798919796834028E+002   0.431037887382519624E+001  -0.822721481323242188E+002  -0.737515351937696906E+001    1
   0.205706562031360107E+001   0.137088917228371741E+003   0.418851335261178193E+001  -0.822559204101562500E+002  -0.738515351937697240E+001    1
   0.598031278416759404E+000   0.112592716947874379E+003   0.462591234532744533E+001  -0.821489181518554688E+002  -0.739515351937697218E+001    1
   0.162204341589015977E+001   0.133345880242927763E+003   0.415911991347265353E+001  -0.821204986572265625E+002  -0.740515351937697464E+001    1
   0.102692082040611643E+001   0.135992009307889816E+003   0.439312609917581653E+001  -0.820259552001953125E+002  -0.741515351937697265E+001    1
   0.147736029547991654E+001   0.620168922952172892E+002   0.411958751859813166E+001  -0.818985443115234375E+002  -0.742515351937696799E+001    1
   0.206094681949038527E+001   0.104579955837372921E+003   0.431683514345509511E+001  -0.816077499389648438E+002  -0.743515351937697044E+001    1
   0.611311780183213971E+000   0.122586635871969747E+003   0.462324162857636978E+001  -0.815838546752929688E+002  -0.744515351937697023E+001    1
   0.145173488601438305E+001   0.111430234079879483E+003   0.416663951444715330E+001  -0.814529647827148438E+002  -0.745515351937696646E+001    1
   0.249784037470817566E+001   0.867724931240081787E+002   0.425328147411346436E+001  -0.814199600219726562E+002  -0.746515351937696536E+001    1
   0.175454055377979179E+001   0.131550172734600892E+003   0.413250966900290262E+001  -0.812743606567382812E+002  -0.747515351937696515E+001    1
   0.211751249640181793E+001   0.127724367409641701E+003   0.425706874933068224E+001  -0.810815048217773438E+002  -0.748515351937696671E+001    1
   0.131088875216404666E+001   0.129651155494578120E+003   0.441771057887203611E+001  -0.810510101318359375E+002  -0.749515351937696561E+001    1
   0.111039691357104986E+001   0.118975111599588672E+003   0.453919184480339410E+001  -0.804986190795898438E+002  -0.750515351937696362E+001    1
   0.188620340517707463E+001   0.699264522412960616E+002   0.431361704461737894E+001  -0.803275756835937500E+002  -0.751515351937696874E+001    1
   0.145971730351448059E+001   0.644470012187957764E+002   0.419372224807739258E+001  -0.803257217407226562E+002  -0.752515351937696853E+001    1
   0.220459205380910728E+001   0.105596160388336386E+003   0.427633597753482153E+001  -0.799997024536132812E+002  -0.753515351937696742E+001    1
   0.150988816429342787E+001   0.785510584891664223E+002   0.441289984511785871E+001  -0.798653869628906250E+002  -0.754515351937696721E+001    1
   0.131537291098033071E+001   0.127789247186727721E+003   0.439434959087499788E+001  -0.797880020141601562E+002  -0.755515351937696877E+001    1
   0.869236439466476440E+000   0.756997323036193848E+002   0.465909886360168457E+001  -0.797200851440429688E+002  -0.756515351937697211E+001    1
   0.211176488227206294E+001   0.809877590009159292E+002   0.429398880916397463E+001  -0.796458129882812500E+002  -0.757515351937696835E+001    1
   0.114838539594512490E+001   0.103491580888501687E+003   0.429831658809996764E+001  -0.795468826293945312E+002  -0.758515351937696991E+001    1
   0.113719585658873501E+001   0.100312928726246724E+003   0.424795772770460989E+001  -0.793607330322265625E+002  -0.759515351937697325E+001    1
   0.207825949959481582E+001   0.125828227967835673E+003   0.420362880489853197E+001  -0.791463241577148438E+002  -0.760515351937697126E+001    1
   0.617511761648924073E+000   0.737515014666491453E+002   0.480213373388383236E+001  -0.791045303344726562E+002  -0.761515351937696572E+001    1
   0.185011044064754904E+001   0.127810074243308762E+003   0.423327841679543759E+001  -0.788536148071289062E+002  -0.762515351937696639E+001    1
   0.137823566794395447E+001   0.622718131542205811E+002   0.433077692985534668E+001  -0.788480377197265625E+002  -0.763515351937696973E+001    1
   0.177360331808567206E+001   0.126656290062806761E+003   0.413157396588492620E+001  -0.787550735473632812E+002  -0.764515351937696952E+001    1
   0.647870833617317565E+000   0.125466974997395397E+003   0.463493671269682039E+001  -0.786816177368164062E+002  -0.765515351937697019E+001    1
   0.170196294784545898E+001   0.109558901786804199E+003   0.407365512847900391E+001  -0.785907363891601562E+002  -0.766515351937697087E+001    1
   0.186323274229202562E+001   0.123352785901142070E+003   0.420936717937456972E+001  -0.783910903930664062E+002  -0.767515351937697066E+001    1
   0.642563731796453208E+000   0.715741989567279830E+002   0.480384094453751409E+001  -0.783763885498046875E+002  -0.768515351937697044E+001    1
   0.229879096150398254E+001   0.110169217586517334E+003   0.418333280086517334E+001  -0.783658981323242188E+002  -0.769515351937697201E+001    1
   0.172435956405673796E+001   0.688651784880057392E+002   0.411587241912546897E+001  -0.783445358276367188E+002  -0.770515351937697446E+001    1
   0.242728948593139648E+001   0.126000390052795410E+003   0.409907400608062744E+001  -0.782584304809570312E+002  -0.771515351937697069E+001    1
   0.229890256010908001E+001   0.109081995393284814E+003   0.419919937101705365E+001  -0.780875320434570312E+002  -0.772515351937696959E+001    1
   0.554884442461829108E+000   0.115846180684861906E+003   0.467508345420313276E+001  -0.779443588256835938E+002  -0.773515351937697382E+001    1
   0.595067590475082397E+000   0.618521010875701904E+002   0.479453897476196289E+001  -0.777833633422851562E+002  -0.774515351937697538E+001    1
   0.141375066812460215E+001   0.897027312683006528E+002   0.441945892074696012E+001  -0.777708892822265625E+002  -0.775515351937697517E+001    1
   0.137368641319523865E+001   0.768191708329542706E+002   0.423102027055173835E+001  -0.775870208740234375E+002  -0.776515351937697407E+001    1
   0.591312040128410210E+000   0.110157737924325360E+003   0.465140893783915388E+001  -0.773728256225585938E+002  -0.777515351937697297E+001    1
   0.711204791126309077E+000   0.612996291232213437E+002   0.472633205093729902E+001  -0.772270278930664062E+002  -0.778515351937696565E+001    1
   0.136118099093437195E+001   0.131801578998565674E+003   0.437122333049774170E+001  -0.772153701782226562E+002  -0.779515351937696011E+001    1
   0.201134917226548282E+001   0.121455380920060605E+003   0.413894439916907331E+001  -0.771553573608398438E+002  -0.780515351937696522E+001    1
   0.950772420087617309E+000   0.763334790152999005E+002   0.438994550512707704E+001  -0.770834274291992188E+002  -0.781515351937697123E+001    1
   0.195131446238883810E+001   0.116851044096150048E+003   0.420839390361067078E+001  -0.770721282958984375E+002  -0.782515351937697279E+001    1
   0.148568012006897288E+001   0.122623991006106706E+003   0.430252122854883101E+001  -0.770160217285156250E+002  -0.783515351937697524E+001    1
   0.144507563411980988E+001   0.657848558295038970E+002   0.423660120966364850E+001  -0.768234405517578125E+002  -0.784515351937695993E+001    1
   0.125209714706506059E+001   0.614154847533103307E+002   0.441820356310565909E+001  -0.768038787841796875E+002  -0.785515351937696593E+001    1
   0.352462814536143809E+000   0.121183724279062318E+003   0.494941854333515341E+001  -0.767301712036132812E+002  -0.786515351937697016E+001    1
   0.612972229719161987E+000   0.661530768871307373E+002   0.472648513317108154E+001  -0.766999206542968750E+002  -0.787515351937697172E+001    1
   0.215520113325468810E+001   0.113727933541850234E+003   0.421841937922537458E+001  -0.766613540649414062E+002  -0.788515351937697417E+001    1
   0.165496251634892677E+001   0.111132581498035108E+003   0.410975356098186495E+001  -0.766120910644531250E+002  -0.789515351937696952E+001    1
   0.169098204436345045E+001   0.759532844760524029E+002   0.428334441249355535E+001  -0.766099929809570312E+002  -0.790515351937697019E+001    1
   0.986101868071075471E+000   0.128299318767081729E+003   0.446841517225195517E+001  -0.765848159790039062E+002  -0.791515351937696643E+001    1
   0.503628478217541309E+000   0.682578495218505310E+002   0.485583919021330956E+001  -0.765824279785156250E+002  -0.792515351937696444E+001    1
   0.204986348415213815E+001   0.108234846062932121E+003   0.404811186324195571E+001  -0.765771484375000000E+002  -0.793515351937696778E+001    1
   0.224639481747777703E+001   0.713329082301585089E+002   0.411827796778810384E+001  -0.765388488769531250E+002  -0.794515351937696490E+001    1
   0.203930493007148694E+001   0.975934850579094189E+002   0.411666094704722152E+001  -0.765226516723632812E+002  -0.795515351937696735E+001    1
   0.173800056316830953E+001   0.647744425866529525E+002   0.421045857953303315E+001  -0.765215225219726562E+002  -0.796515351937696447E+001    1
   0.201766667763088758E+001   0.670772967660108321E+002   0.420638780368290188E+001  -0.764949722290039062E+002  -0.797515351937695893E+001    1
   0.808192686290837181E+000   0.807506076420924046E+002   0.450914281608145551E+001  -0.764247207641601562E+002  -0.798515351937696582E+001    1
   0.164726580551396107E+001   0.990425978009784842E+002   0.412131366092264528E+001  -0.763810348510742188E+002  -0.799515351937696650E+001    1
   0.115773603320121765E+001   0.689561343193054199E+002   0.439086341857910156E+001  -0.763808822631835938E+002  -0.800515351937696096E+001    1
   0.187861398097884957E+001   0.969240184079758649E+002   0.430916932631871052E+001  -0.763223953247070312E+002  -0.801515351937696785E+001    1
   0.230667527058470156E+001   0.114446716553898739E+003   0.418892636644820104E+001  -0.762906799316406250E+002  -0.802515351937697652E+001    1
   0.130395157997013067E+001   0.717573065038682358E+002   0.428860307008602870E+001  -0.762528457641601562E+002  -0.803515351937696920E+001    1
   0.168554201581481466E+001   0.120747938380114647E+003   0.421494355355263117E+001  -0.762130432128906250E+002  -0.804515351937696543E+001    1
   0.153873620057082139E+001   0.111064079602448004E+003   0.421330561594691577E+001  -0.761493148803710938E+002  -0.805515351937697233E+001    1
   0.187238615315222678E+001   0.756819250780897619E+002   0.422964594900260948E+001  -0.761037063598632812E+002  -0.806515351937697034E+001    1
   0.124465460655268689E+001   0.689978073830467054E+002   0.440912274721125730E+001  -0.760995254516601562E+002  -0.807515351937696657E+001    1
   0.677141850126717681E+000   0.129310046199000908E+003   0.471686803025665746E+001  -0.760569610595703125E+002  -0.808515351937696636E+001    1
   0.593371765216956559E+000   0.122364646803428940E+003   0.478440012871373543E+001  -0.760186920166015625E+002  -0.809515351937696259E+001    1
   0.961617369365142527E+000   0.115430403269314525E+003   0.457935734958768403E+001  -0.760174407958984375E+002  -0.810515351937696593E+001    1
   0.102993796475601318E+001   0.106565207738178884E+003   0.436155694056600574E+001  -0.759763870239257812E+002  -0.811515351937696572E+001    1
   0.167919617888847017E+001   0.754916826391960143E+002   0.423641031933183676E+001  -0.759084854125976562E+002  -0.812515351937696728E+001    1
   0.196087797042936751E+001   0.121522027224808653E+003   0.415100221019330551E+001  -0.757874526977539062E+002  -0.813515351937696707E+001    1
   0.167234761019269662E+001   0.693317609951109119E+002   0.419398197048280430E+001  -0.757021408081054688E+002  -0.814515351937696508E+001    1
   0.974315652412812927E+000   0.117043520980539896E+003   0.452235867090568000E+001  -0.756780319213867188E+002  -0.815515351937696664E+001    1
   0.201141403816743347E+001   0.101026575856024834E+003   0.410433106551808446E+001  -0.756100921630859375E+002  -0.816515351937696643E+001    1
   0.417418873932285439E+000   0.132535783198356455E+003   0.485975064976228310E+001  -0.755869598388671875E+002  -0.817515351937696622E+001    1
   0.167975986927549781E+001   0.699006326042509158E+002   0.419876029737536971E+001  -0.755715866088867188E+002  -0.818515351937696600E+001    1
   0.968422740697860718E+000   0.125993708372116089E+003   0.453535330295562744E+001  -0.755269546508789062E+002  -0.819515351937696224E+001    1
   0.146426539767593944E+001   0.105997775700937510E+003   0.429440286427880658E+001  -0.754188308715820312E+002  -0.820515351937696558E+001    1
   0.206417822480890889E+001   0.115560322300362571E+003   0.418645549869058264E+001  -0.753531188964843750E+002  -0.821515351937696714E+001    1
   0.143952946073334664E+001   0.690368627114117430E+002   0.429909436247778398E+001  -0.753073806762695312E+002  -0.822515351937696693E+001    1
   0.182753672880027063E+001   0.100625044756224838E+003   0.422456831040607561E+001  -0.752452163696289062E+002  -0.823515351937696671E+001    1
   0.127742449734240715E+001   0.118888222498806300E+003   0.431761830528960022E+001  -0.752224044799804688E+002  -0.824515351937696295E+001    1
   0.244482681155204773E+001   0.112747309207916260E+003   0.404130709171295166E+001  -0.752088241577148438E+002  -0.825515351937696096E+001    1
   0.589747865613234223E+000   0.721098921959057293E+002   0.478750152329929080E+001  -0.751820602416992188E+002  -0.826515351937696252E+001    1
   0.908397182396995184E+000   0.110421497716269812E+003   0.462820163992986178E+001  -0.751673507690429688E+002  -0.827515351937696408E+001    1
   0.176821054858135573E+001   0.752205104619859242E+002   0.426061403703118557E+001  -0.751521072387695312E+002  -0.828515351937696565E+001    1
   0.840681537999675488E+000   0.121147138378056979E+003   0.453170600054749961E+001  -0.751457824707031250E+002  -0.829515351937696543E+001    1
   0.100468546972700468E+001   0.115395163730200665E+003   0.454393123159302625E+001  -0.751226577758789062E+002  -0.830515351937696344E+001    1
   0.114249243769331454E+001   0.771120178735774431E+002   0.446704914479036930E+001  -0.750894699096679688E+002  -0.831515351937696146E+001    1
   0.189603984599809694E+001   0.817092011607827260E+002   0.410450490604139073E+001  -0.750401611328125000E+002  -0.832515351937696302E+001    1
   0.246935215771779015E+001   0.890991458834856900E+002   0.412675057740084128E+001  -0.749660720825195312E+002  -0.833515351937696813E+001    1
   0.217930863062427083E+001   0.840878949921430916E+002   0.416429951567165624E+001  -0.748864822387695312E+002  -0.834515351937696437E+001    1
   0.112114112265054811E+001   0.126781229754659009E+003   0.443186688434934073E+001  -0.748802032470703125E+002  -0.835515351937696593E+001    1
   0.218217158408700884E+001   0.100091178486100034E+003   0.419475746458602128E+001  -0.748710327148437500E+002  -0.836515351937696927E+001    1
   0.201326417601209240E+001   0.788778651975414959E+002   0.421557034837574740E+001  -0.748087463378906250E+002  -0.837515351937696906E+001    1
   0.996639238069116917E+000   0.110387042682988607E+003   0.453308594940160070E+001  -0.747450103759765625E+002  -0.838515351937696174E+001    1
   0.238268802865309404E+001   0.110743995428195916E+003   0.413198507033300011E+001  -0.747017822265625000E+002  -0.839515351937695975E+001    1
   0.185833142915120431E+001   0.113058357063112254E+003   0.418023528358312380E+001  -0.746978378295898438E+002  -0.840515351937696487E+001    1
   0.668670535087585449E+000   0.115682164430618286E+003   0.466646599769592285E+001  -0.746887969970703125E+002  -0.841515351937696821E+001    1
   0.168685792552261615E+001   0.731055967145134957E+002   0.420797466507462303E+001  -0.746508026123046875E+002  -0.842515351937696266E+001    1
   0.497195424636087902E+000   0.110131726588380332E+003   0.480526909055174656E+001  -0.745947875976562500E+002  -0.843515351937695534E+001    1
   0.201953731639358436E+001   0.713870860630632507E+002   0.421108725780198512E+001  -0.745774459838867188E+002  -0.844515351937695691E+001    1
   0.111228198317561833E+001   0.810109711075877783E+002   0.434462282039403114E+001  -0.745578536987304688E+002  -0.845515351937696202E+001    1
   0.184595755878803813E+001   0.777012583518426680E+002   0.415133007027401657E+001  -0.745570907592773438E+002  -0.846515351937696536E+001    1
   0.195988440857949953E+001   0.640753560348126001E+002   0.412275890974079395E+001  -0.744347305297851562E+002  -0.847515351937696160E+001    1
   0.148229241720164162E+001   0.106012336791444483E+003   0.422168147507259484E+001  -0.744184341430664062E+002  -0.848515351937696316E+001    1
   0.216708950332217753E+001   0.750745385642273533E+002   0.417800769793691629E+001  -0.744077148437500000E+002  -0.849515351937696295E+001    1
   0.202908361548113936E+001   0.738927115803014800E+002   0.424959289971526477E+001  -0.743669662475585938E+002  -0.850515351937696629E+001    1
   0.229232146755573751E+001   0.100721218846766931E+003   0.420406792945505892E+001  -0.743390274047851562E+002  -0.851515351937696785E+001    1
   0.149042561650276184E+001   0.111243323087692261E+003   0.430248641967773438E+001  -0.743210906982421875E+002  -0.852515351937696408E+001    1
   0.212269001737099350E+001   0.106798000558810173E+003   0.402644055992507877E+001  -0.743075790405273438E+002  -0.853515351937696032E+001    1
   0.155697656135427120E+001   0.881769124905951287E+002   0.428273627810708302E+001  -0.742827301025390625E+002  -0.854515351937695655E+001    1
   0.181384932934352916E+001   0.110383816811407797E+003   0.410484305409407568E+001  -0.742574844360351562E+002  -0.855515351937696344E+001    1
   0.584120618953676507E+000   0.112637680942530366E+003   0.467713182098815317E+001  -0.742554473876953125E+002  -0.856515351937696323E+001    1
   0.223752230670703200E+001   0.794396472119330213E+002   0.416454854198180868E+001  -0.741356811523437500E+002  -0.857515351937696124E+001    1
   0.746553501517095208E+000   0.774643887369169022E+002   0.467580201733510936E+001  -0.741013031005859375E+002  -0.858515351937696103E+001    1
   0.174865554027419434E+001   0.103901543078436902E+003   0.426625925377109194E+001  -0.740797653198242188E+002  -0.859515351937696259E+001    1
   0.763546289479257512E+000   0.746399334392363585E+002   0.456668428805958104E+001  -0.740785369873046875E+002  -0.860515351937696771E+001    1
   0.169329854854935458E+001   0.724556403533960776E+002   0.422115776381346475E+001  -0.740709762573242188E+002  -0.861515351937696039E+001    1
   0.237699113543000085E+001   0.100307425673354899E+003   0.413606990563424759E+001  -0.740363693237304688E+002  -0.862515351937695662E+001    1
   0.132613721680916408E+001   0.742690122749030195E+002   0.429790342439014683E+001  -0.740280609130859375E+002  -0.863515351937696352E+001    1
   0.139610552227929952E+001   0.111233377072905640E+003   0.439906396027700008E+001  -0.740090026855468750E+002  -0.864515351937696508E+001    1
   0.207729300978253884E+001   0.102338736807184347E+003   0.413618782683082031E+001  -0.739449920654296875E+002  -0.865515351937695954E+001    1
   0.161611020251755533E+001   0.936250300444858681E+002   0.433689730241325666E+001  -0.739148101806640625E+002  -0.866515351937696288E+001    1
   0.128989166349553175E+001   0.818099040492548397E+002   0.443703853646452551E+001  -0.738730392456054688E+002  -0.867515351937696266E+001    1
   0.605102556141566050E+000   0.126062786424376014E+003   0.472354053218684466E+001  -0.738061370849609375E+002  -0.868515351937696423E+001    1
   0.206843448568144117E+001   0.105484653185567254E+003   0.414310257813695948E+001  -0.738017196655273438E+002  -0.869515351937696934E+001    1
   0.244800848903750623E+001   0.106090136151364362E+003   0.413687690892782634E+001  -0.737751693725585938E+002  -0.870515351937696735E+001    1
   0.186885640501062467E+001   0.108558725335973804E+003   0.410535294525544270E+001  -0.737684478759765625E+002  -0.871515351937696181E+001    1
   0.217968415846714647E+001   0.721226816768386954E+002   0.409793147286893245E+001  -0.737604293823242188E+002  -0.872515351937695982E+001    1
   0.181579793365525832E+001   0.857465697419551702E+002   0.423738929130787323E+001  -0.737535324096679688E+002  -0.873515351937696316E+001    1
   0.113414210571519591E+001   0.999045472894735838E+002   0.435241377031063159E+001  -0.737416839599609375E+002  -0.874515351937695762E+001    1
   0.101443379247399679E+001   0.103162211872110817E+003   0.439101523656155646E+001  -0.737110900878906250E+002  -0.875515351937695741E+001    1
   0.190776259806022996E+001   0.990161686485900248E+002   0.416450151052040418E+001  -0.736967849731445312E+002  -0.876515351937696252E+001    1
   0.169826981321026516E+001   0.809984620638124824E+002   0.417005077492958609E+001  -0.736902313232421875E+002  -0.877515351937696231E+001    1
   0.701058862334144051E+000   0.993507044652898657E+002   0.473949633776866985E+001  -0.736745452880859375E+002  -0.878515351937696209E+001    1
   0.183320680138555292E+001   0.815169272503183464E+002   0.412792508321753537E+001  -0.736727142333984375E+002  -0.879515351937696188E+001    1
   0.220857679186184797E+001   0.105256716536931549E+003   0.421714880151785643E+001  -0.736658172607421875E+002  -0.880515351937695812E+001    1
   0.970996025062198731E+000   0.925133334590309602E+002   0.442087516633534161E+001  -0.736583099365234375E+002  -0.881515351937695790E+001    1
   0.184087667133317834E+001   0.970333806333637199E+002   0.420705955421464139E+001  -0.736247711181640625E+002  -0.882515351937695769E+001    1
   0.205069106226975162E+001   0.115993176330664937E+003   0.417393864329145270E+001  -0.736054611206054688E+002  -0.883515351937695925E+001    1
   0.675889232294236919E+000   0.792090936331075994E+002   0.462704725571440534E+001  -0.735742187500000000E+002  -0.884515351937695904E+001    1
   0.231764526475375732E+001   0.775929719057122895E+002   0.410883144850266913E+001  -0.735589981079101562E+002  -0.885515351937696238E+001    1
   0.240767048336902345E+001   0.965702864007986648E+002   0.413752968130630361E+001  -0.735546646118164062E+002  -0.886515351937696394E+001    1
   0.578695118786417551E+000   0.120610762500996742E+003   0.477946780452929687E+001  -0.735077056884765625E+002  -0.887515351937696018E+001    1
   0.194728110010605526E+001   0.800532551139797590E+002   0.417466617778280202E+001  -0.734156341552734375E+002  -0.888515351937696174E+001    1
   0.118424777136242443E+001   0.718592871168472840E+002   0.445034586672283972E+001  -0.733930206298828125E+002  -0.889515351937696330E+001    1
   0.207972073809116420E+001   0.712443316541304910E+002   0.419795017746238219E+001  -0.733690109252929688E+002  -0.890515351937696309E+001    1
   0.868271008429030711E+000   0.808307193026076334E+002   0.456495837132713334E+001  -0.733661193847656250E+002  -0.891515351937696288E+001    1
   0.225298792123794556E+001   0.120048466920852661E+003   0.405749201774597168E+001  -0.733604354858398438E+002  -0.892515351937696089E+001    1
   0.111747077405154016E+001   0.124119569937263279E+003   0.440585528483845223E+001  -0.733554153442382812E+002  -0.893515351937696423E+001    1
   0.796821725951975535E+000   0.107310184598365709E+003   0.454978888941681792E+001  -0.733508911132812500E+002  -0.894515351937696579E+001    1
   0.410236766035821154E+000   0.123459733011580028E+003   0.488177636160269302E+001  -0.733440475463867188E+002  -0.895515351937696202E+001    1
   0.205831665810336917E+001   0.748793688971376241E+002   0.415178788233840201E+001  -0.732942962646484375E+002  -0.896515351937696181E+001    1
   0.824090283485608088E+000   0.103616885207308229E+003   0.459226374355273403E+001  -0.732659149169921875E+002  -0.897515351937695982E+001    1
   0.220822337110874667E+001   0.896925232012129072E+002   0.414192747714140452E+001  -0.732337722778320312E+002  -0.898515351937695428E+001    1
   0.662819445133209229E+000   0.114522490501403809E+003   0.465433597564697266E+001  -0.732078399658203125E+002  -0.899515351937695407E+001    1
   0.157185849528335475E+001   0.850309865305505355E+002   0.416635276854479475E+001  -0.731640930175781250E+002  -0.900515351937695741E+001    1
   0.170398056825541389E+001   0.109166572107087745E+003   0.418379334225343236E+001  -0.731397094726562500E+002  -0.901515351937696252E+001    1
   0.195334744361842194E+001   0.113430924315495162E+003   0.413266640850231859E+001  -0.730971984863281250E+002  -0.902515351937696408E+001    1
   0.138241469648014781E+001   0.841996874309326273E+002   0.433858312272964142E+001  -0.730881271362304688E+002  -0.903515351937696032E+001    1
   0.209016270218435540E+001   0.112450446315666511E+003   0.415596083593583554E+001  -0.730803527832031250E+002  -0.904515351937695833E+001    1
   0.205618127891157254E+001   0.736680336883008522E+002   0.423502627868675230E+001  -0.730717773437500000E+002  -0.905515351937695989E+001    1
   0.185636277359263424E+001   0.694853961032168144E+002   0.410348183251778398E+001  -0.730393524169921875E+002  -0.906515351937695790E+001    1
   0.184231931352219713E+001   0.103708418719603046E+003   0.422523039947334489E+001  -0.730307388305664062E+002  -0.907515351937695591E+001    1
   0.106052002384276567E+001   0.951680952134780966E+002   0.441934607039459149E+001  -0.729898071289062500E+002  -0.908515351937695925E+001    1
   0.185333269158125868E+001   0.106135481293956758E+003   0.415168702485697949E+001  -0.729426422119140625E+002  -0.909515351937696437E+001    1
   0.235824775594377511E+001   0.107013163875417717E+003   0.410510851196045756E+001  -0.729380569458007812E+002  -0.910515351937696060E+001    1
   0.147311761504236616E+001   0.821499662418904251E+002   0.423878439848156319E+001  -0.729013061523437500E+002  -0.911515351937695506E+001    1
   0.176035104877002602E+001   0.104164562873893715E+003   0.420996296087167465E+001  -0.728987808227539062E+002  -0.912515351937696195E+001    1
   0.187934449424125050E+001   0.110610450413946410E+003   0.421644856124710632E+001  -0.728686065673828125E+002  -0.913515351937696529E+001    1
   0.142872212630962392E+001   0.802505923656071900E+002   0.439037572338190074E+001  -0.728523406982421875E+002  -0.914515351937696153E+001    1
   0.212941269333741312E+001   0.791332234332254103E+002   0.411858213567569820E+001  -0.727956161499023438E+002  -0.915515351937696131E+001    1
   0.140011604714905125E+001   0.954281364190568695E+002   0.428321857979484655E+001  -0.727743453979492188E+002  -0.916515351937695577E+001    1
   0.199029332756965882E+001   0.900506039703066676E+002   0.410754261806034116E+001  -0.727600555419921875E+002  -0.917515351937695733E+001    1
   0.177873111888625735E+001   0.823575804977019033E+002   0.410213581985350118E+001  -0.727272567749023438E+002  -0.918515351937696067E+001    1
   0.152897030115127563E+001   0.828378713130950928E+002   0.436850881576538086E+001  -0.727235031127929688E+002  -0.919515351937696046E+001    1
   0.837954027096084464E+000   0.110677576731138132E+003   0.456725477408029956E+001  -0.727082595825195312E+002  -0.920515351937696202E+001    1
   0.219587842376389197E+001   0.939284545121243752E+002   0.415296257488998677E+001  -0.726944274902343750E+002  -0.921515351937696536E+001    1
   0.200518106621961278E+001   0.656938013467878079E+002   0.410740895446185217E+001  -0.726704711914062500E+002  -0.922515351937696337E+001    1
   0.180046757000258073E+001   0.114776726386884462E+003   0.415452591862189724E+001  -0.726399765014648438E+002  -0.923515351937695961E+001    1
   0.232577499622919381E+001   0.975810306203956657E+002   0.408758951597875431E+001  -0.726332855224609375E+002  -0.924515351937695584E+001    1
   0.194134488420936835E+001   0.105099380637621550E+003   0.410790651503513171E+001  -0.725511016845703125E+002  -0.925515351937695918E+001    1
   0.221497607158725218E+001   0.936548417011579488E+002   0.421336641088284747E+001  -0.725420761108398438E+002  -0.926515351937696607E+001    1
   0.527753906988812860E+000   0.100315248543556265E+003   0.476642170254961073E+001  -0.724935226440429688E+002  -0.927515351937695876E+001    1
   0.185440447709832723E+001   0.741321290969398348E+002   0.417070016822022183E+001  -0.724905776977539062E+002  -0.928515351937695499E+001    1
   0.217070604984464754E+001   0.673772449381290954E+002   0.411219047681286121E+001  -0.724670944213867188E+002  -0.929515351937696188E+001    1
   0.199133593833547362E+001   0.101986829274987855E+003   0.407915427160400679E+001  -0.724486618041992188E+002  -0.930515351937696522E+001    1
   0.223934660220190995E+001   0.795672789991921121E+002   0.414870649679824055E+001  -0.724399032592773438E+002  -0.931515351937695790E+001    1
   0.116275956808745828E+001   0.815938753159663293E+002   0.437032695124129411E+001  -0.724203720092773438E+002  -0.932515351937696657E+001    1
   0.117052994099299346E+001   0.721826262914147634E+002   0.435787344540466748E+001  -0.724125823974609375E+002  -0.933515351937696458E+001    1
   0.159199325462342633E+001   0.813590428440578677E+002   0.426614138677462229E+001  -0.723706130981445312E+002  -0.934515351937696082E+001    1
   0.123887905716697300E+001   0.110778804690775672E+003   0.436246193894490730E+001  -0.723604583740234375E+002  -0.935515351937695883E+001    1
   0.214187904769228732E+001   0.682815193090686137E+002   0.410060604843919840E+001  -0.723561477661132812E+002  -0.936515351937696394E+001    1
   0.186636695635853078E+001   0.962079000291529098E+002   0.417938328845217733E+001  -0.723529510498046875E+002  -0.937515351937696728E+001    1
   0.206787751545226017E+001   0.678352685645576798E+002   0.419654031076729517E+001  -0.723517761230468750E+002  -0.938515351937696352E+001    1
   0.122484687253949609E+001   0.740909063903852996E+002   0.433266313056891583E+001  -0.723402404785156250E+002  -0.939515351937695797E+001    1
   0.109937160059739303E+001   0.115561212102619663E+003   0.440566074557483933E+001  -0.723196105957031250E+002  -0.940515351937695776E+001    1
   0.228345327911426343E+001   0.784083315945250803E+002   0.411177024772944399E+001  -0.723093948364257812E+002  -0.941515351937695755E+001    1
   0.127511721758289753E+001   0.112668600986445298E+003   0.434496164968523235E+001  -0.723005828857421875E+002  -0.942515351937696089E+001    1
   0.181526958480854494E+001   0.809287282619618793E+002   0.421859957312099088E+001  -0.722788543701171875E+002  -0.943515351937695712E+001    1
   0.189252484626373274E+001   0.110392619988390777E+003   0.409661353769302305E+001  -0.722411499023437500E+002  -0.944515351937694980E+001    1
   0.230747259569482921E+001   0.109665966248835446E+003   0.404117703787185967E+001  -0.722208023071289062E+002  -0.945515351937695137E+001    1
   0.118969418085598155E+001   0.112236251578527472E+003   0.437685620773363038E+001  -0.722181930541992188E+002  -0.946515351937695826E+001    1
   0.193027272530737704E+001   0.917375510171492579E+002   0.420220072060953598E+001  -0.722148513793945312E+002  -0.947515351937695982E+001    1
   0.236856713401742480E+001   0.799451528747257214E+002   0.408616333551111754E+001  -0.721765136718750000E+002  -0.948515351937695605E+001    1
   0.750006184391071917E+000   0.112514592049320925E+003   0.466706024849591916E+001  -0.721613006591796875E+002  -0.949515351937695584E+001    1
   0.236627042889763262E+001   0.753572395251932790E+002   0.407717826841738784E+001  -0.720890045166015625E+002  -0.950515351937695741E+001    1
   0.809316626207665091E+000   0.108635256021444604E+003   0.463813638961657482E+001  -0.720832290649414062E+002  -0.951515351937695897E+001    1
   0.196284131468244505E+001   0.972836595166140512E+002   0.412822317494612978E+001  -0.720755767822265625E+002  -0.952515351937695876E+001    1
   0.108251847213597019E+001   0.115515584509475730E+003   0.443183674074629863E+001  -0.720681152343750000E+002  -0.953515351937695854E+001    1
   0.247665553187194210E+001   0.663221904853097470E+002   0.405420603025906345E+001  -0.720673675537109375E+002  -0.954515351937695833E+001    1
   0.224219840528435155E+001   0.860312845706435070E+002   0.415900773338292318E+001  -0.720587692260742188E+002  -0.955515351937695989E+001    1
   0.151937973545764016E+001   0.751749573668821256E+002   0.431650014220741784E+001  -0.720475921630859375E+002  -0.956515351937696323E+001    1
   0.200500039095600968E+001   0.921600408324457590E+002   0.415015866200211558E+001  -0.720304718017578125E+002  -0.957515351937696302E+001    1
   0.745595346685562488E+000   0.106576945782543874E+003   0.456826040628360985E+001  -0.719698333740234375E+002  -0.958515351937695215E+001    1
   0.204288239162328455E+001   0.874839033006373938E+002   0.410310742911747806E+001  -0.719435272216796875E+002  -0.959515351937695371E+001    1
   0.180023376544394931E+001   0.110536134684034693E+003   0.415960366825438488E+001  -0.719275054931640625E+002  -0.960515351937695527E+001    1
   0.188940659471904970E+001   0.110215217996907725E+003   0.418549525014049895E+001  -0.719179458618164062E+002  -0.961515351937695861E+001    1
   0.112373463525066808E+001   0.791135263653963818E+002   0.435760857453862016E+001  -0.719132385253906250E+002  -0.962515351937695662E+001    1
   0.146947686295423874E+001   0.796775610561807923E+002   0.427218753541918606E+001  -0.719096145629882812E+002  -0.963515351937695286E+001    1
   0.224503004221025426E+001   0.754708142924403091E+002   0.404381199284125792E+001  -0.719092864990234375E+002  -0.964515351937695797E+001    1
   0.153425510700155154E+001   0.818497417284545179E+002   0.427039556899378780E+001  -0.719075546264648438E+002  -0.965515351937696309E+001    1
   0.145910388543327185E+001   0.861772434985239784E+002   0.435670756783967317E+001  -0.719069747924804688E+002  -0.966515351937695755E+001    1
   0.181761093061017798E+001   0.103924860356092950E+003   0.415846010846001057E+001  -0.719063415527343750E+002  -0.967515351937695556E+001    1
   0.209767361152397314E+001   0.865160952258589333E+002   0.419849771545761019E+001  -0.718968734741210938E+002  -0.968515351937696067E+001    1
   0.164703456723318120E+001   0.909739369925053438E+002   0.416633508247498163E+001  -0.718949966430664062E+002  -0.969515351937696224E+001    1
   0.229853393664741423E+001   0.813853561345468108E+002   0.413307034459365141E+001  -0.718932647705078125E+002  -0.970515351937696025E+001    1
   0.567499684238557234E+000   0.106023921176486510E+003   0.477058508237366219E+001  -0.718684692382812500E+002  -0.971515351937696003E+001    1
   0.159327182916380816E+001   0.876035429124553104E+002   0.426944702425103984E+001  -0.718480987548828125E+002  -0.972515351937696160E+001    1
   0.111499861933896138E+001   0.107003526893779679E+003   0.439781453029713187E+001  -0.718451004028320312E+002  -0.973515351937696316E+001    1
   0.162070315819288391E+001   0.863551226707535449E+002   0.418352458479599409E+001  -0.718324127197265625E+002  -0.974515351937696295E+001    1
   0.190480867736876114E+001   0.771581472574384293E+002   0.421760364735050253E+001  -0.718309173583984375E+002  -0.975515351937696273E+001    1
   0.124144260412570917E+001   0.949313127923592504E+002   0.441494782471022251E+001  -0.718239669799804688E+002  -0.976515351937695542E+001    1
   0.177551937605266730E+001   0.868089400674061125E+002   0.420213274699260086E+001  -0.718209762573242188E+002  -0.977515351937695698E+001    1
   0.146034897003605635E+001   0.977546237867112779E+002   0.429618787063203111E+001  -0.717986831665039062E+002  -0.978515351937696209E+001    1
   0.156382125203705380E+001   0.847467261869938966E+002   0.423214820008125248E+001  -0.717976379394531250E+002  -0.979515351937696011E+001    1
   0.199499028011222368E+001   0.102446540883232771E+003   0.414626571219938267E+001  -0.717699737548828125E+002  -0.980515351937695812E+001    1
   0.176691843640374824E+001   0.826850806798842086E+002   0.421649093671150599E+001  -0.717692489624023438E+002  -0.981515351937695613E+001    1
   0.178460773564358388E+001   0.829967441127845262E+002   0.414073187285449684E+001  -0.717591094970703125E+002  -0.982515351937695769E+001    1
   0.196181339087784856E+001   0.103317974322538362E+003   0.417128241751562889E+001  -0.717509307861328125E+002  -0.983515351937696103E+001    1
   0.145825561971460815E+001   0.832579156805473133E+002   0.433994097905969678E+001  -0.717309570312500000E+002  -0.984515351937696082E+001    1
   0.222652284133491296E+001   0.113081744296236522E+003   0.408206984263921679E+001  -0.717055053710937500E+002  -0.985515351937696060E+001    1
   0.206950645863443050E+001   0.957815111467279081E+002   0.415952502786321698E+001  -0.716647033691406250E+002  -0.986515351937695506E+001    1
   0.883212211320060225E+000   0.961990355589468464E+002   0.452262582704574356E+001  -0.716583786010742188E+002  -0.987515351937695307E+001    1
   0.194241712910514108E+001   0.812003115545198284E+002   0.414710954057343173E+001  -0.716402511596679688E+002  -0.988515351937695641E+001    1
   0.141246161814415294E+001   0.870316980639793627E+002   0.433663027234318132E+001  -0.716259002685546875E+002  -0.989515351937695975E+001    1
   0.119749019770698939E+001   0.943918344779490184E+002   0.440122796917762038E+001  -0.716091918945312500E+002  -0.990515351937695954E+001    1
   0.152883417412855938E+001   0.100719697118367804E+003   0.424736405148996532E+001  -0.716025924682617188E+002  -0.991515351937695577E+001    1
   0.129071513865948062E+001   0.887691430141851754E+002   0.434332526701498089E+001  -0.715929794311523438E+002  -0.992515351937695911E+001    1
   0.630224960883777108E+000   0.100806516830540801E+003   0.473454790458937058E+001  -0.715876312255859375E+002  -0.993515351937696067E+001    1
   0.156798773287530357E+001   0.891171032231049196E+002   0.417564464024899973E+001  -0.715679779052734375E+002  -0.994515351937695513E+001    1
   0.712476621324481418E+000   0.107125456803455222E+003   0.464911056091772235E+001  -0.715420608520507812E+002  -0.995515351937695492E+001    1
   0.212686367677846766E+001   0.870883954250917185E+002   0.413102266705721011E+001  -0.715396423339843750E+002  -0.996515351937695826E+001    1
   0.160262826793754143E+001   0.813171032667071074E+002   0.424417663404803491E+001  -0.715096893310546875E+002  -0.997515351937695982E+001    1
   0.199799663165627539E+001   0.954314052973664957E+002   0.415170815342922950E+001  -0.714920730590820312E+002  -0.998515351937696138E+001    1
   0.175162852605839747E+001   0.804306286809634656E+002   0.420771354712598455E+001  -0.714752807617187500E+002  -0.999515351937695584E+001    1
   0.153495120077148117E+001   0.765661003959672541E+002   0.428436248680868736E+001  -0.714661483764648438E+002  -0.100051535193769503E+002    1
   0.116583170188037655E+001   0.611246347593576118E+002   0.436608646026882585E+001  -0.714595565795898438E+002  -0.100151535193769536E+002    1
   0.203703850909505091E+001   0.816290152118630203E+002   0.410688144759902940E+001  -0.714566040039062500E+002  -0.100251535193769570E+002    1
   0.193766900089947680E+001   0.890870647124861392E+002   0.418568294143024300E+001  -0.714408569335937500E+002  -0.100351535193769603E+002    1
   0.201940799871126409E+001   0.704049699349473315E+002   0.412891799507298707E+001  -0.714212341308593750E+002  -0.100451535193769637E+002    1
   0.719761978002045999E+000   0.112608661985380309E+003   0.463387947102057129E+001  -0.714164047241210938E+002  -0.100551535193769475E+002    1
   0.765756368637084961E+000   0.102440646886825562E+003   0.457867968082427979E+001  -0.713901367187500000E+002  -0.100651535193769543E+002    1
   0.193284508806867428E+001   0.102358127202235835E+003   0.416294160989584139E+001  -0.713627395629882812E+002  -0.100751535193769577E+002    1
   0.776182429159308240E+000   0.110649278135237509E+003   0.461646977965366023E+001  -0.713507537841796875E+002  -0.100851535193769539E+002    1
   0.212896917871846725E+001   0.837627687485549188E+002   0.411435068827759132E+001  -0.713458633422851562E+002  -0.100951535193769484E+002    1
   0.769585782573491084E+000   0.111794937812411689E+003   0.458633611049185230E+001  -0.713083648681640625E+002  -0.101051535193769499E+002    1
   0.176926385365819039E+001   0.848647565504882095E+002   0.421796861344226670E+001  -0.713066101074218750E+002  -0.101151535193769551E+002    1
   0.114987724897756860E+001   0.125980782693995110E+003   0.440597965768101840E+001  -0.712890014648437500E+002  -0.101251535193769566E+002    1
   0.187419445734546630E+001   0.928399613031202762E+002   0.411054316300537170E+001  -0.712760620117187500E+002  -0.101351535193769582E+002    1
   0.190671789680457060E+001   0.945737777892410065E+002   0.415408964147644166E+001  -0.712678451538085938E+002  -0.101451535193769562E+002    1
   0.177419427546893349E+001   0.105662643465551724E+003   0.411731011188975060E+001  -0.712491378784179688E+002  -0.101551535193769507E+002    1
   0.228474513769655907E+001   0.782642843675170070E+002   0.411808923095374979E+001  -0.712268676757812500E+002  -0.101651535193769487E+002    1
   0.748609351143477708E+000   0.936984129940674677E+002   0.460721487792566720E+001  -0.712015380859375000E+002  -0.101751535193769485E+002    1
   0.135098770578701188E+001   0.838462250025277029E+002   0.433773528827784371E+001  -0.711919479370117188E+002  -0.101851535193769500E+002    1
   0.180418239717606754E+001   0.818303369976745500E+002   0.415952444934114851E+001  -0.711885604858398438E+002  -0.101951535193769534E+002    1
   0.678873717707144442E+000   0.121845981949802876E+003   0.469469845507549266E+001  -0.711745223999023438E+002  -0.102051535193769531E+002    1
   0.700534661398305447E+000   0.106758157395507695E+003   0.469114534482671974E+001  -0.711740112304687500E+002  -0.102151535193769565E+002    1
   0.130214210218970328E+001   0.836315029618777714E+002   0.433207188247568276E+001  -0.711688156127929688E+002  -0.102251535193769545E+002    1
   0.227953517588477439E+001   0.113436138061418063E+003   0.403699480477245487E+001  -0.710737838745117188E+002  -0.102351535193769507E+002    1
   0.204055154219920665E+001   0.838196869112097289E+002   0.409392692619267962E+001  -0.710580215454101562E+002  -0.102451535193769541E+002    1
   0.656683217479798853E+000   0.111232442196479113E+003   0.469035313130154119E+001  -0.710444259643554688E+002  -0.102551535193769521E+002    1
   0.184575085653662718E+001   0.655656462868920755E+002   0.411113261853029055E+001  -0.710417022705078125E+002  -0.102651535193769536E+002    1
   0.134847081880951492E+001   0.829391104577138094E+002   0.433282798405767888E+001  -0.710002212524414062E+002  -0.102751535193769570E+002    1
   0.200359228540729983E+001   0.923779230936474676E+002   0.415213973062954622E+001  -0.709589691162109375E+002  -0.102851535193769532E+002    1
   0.192785473652926687E+001   0.885172960914443223E+002   0.418717161737316346E+001  -0.709380722045898438E+002  -0.102951535193769512E+002    1
   0.144196180745259861E+001   0.102217575192216231E+003   0.424171695964118456E+001  -0.709336318969726562E+002  -0.103051535193769492E+002    1
   0.151799787258388719E+001   0.870918243553834373E+002   0.429734315095108776E+001  -0.709238357543945312E+002  -0.103151535193769526E+002    1
   0.838718337376443746E+000   0.110133837457931421E+003   0.460262972536346204E+001  -0.709222183227539062E+002  -0.103251535193769541E+002    1
   0.153049867277513174E+001   0.988133999901915416E+002   0.424121914445696202E+001  -0.709137573242187500E+002  -0.103351535193769539E+002    1
   0.122594376725998244E+001   0.950293484092417202E+002   0.442712577196872115E+001  -0.709127349853515625E+002  -0.103451535193769555E+002    1
   0.180724275033281367E+001   0.909073752408499018E+002   0.417973131026347122E+001  -0.709097900390625000E+002  -0.103551535193769570E+002    1
   0.195476764426672789E+001   0.859778865320897410E+002   0.410884655878893135E+001  -0.708876800537109375E+002  -0.103651535193769533E+002    1
   0.184156918611333920E+001   0.915734908824780547E+002   0.411798286876121455E+001  -0.708738250732421875E+002  -0.103751535193769513E+002    1
   0.791950341386197243E+000   0.101542756980698954E+003   0.459959393518746307E+001  -0.708508071899414062E+002  -0.103851535193769564E+002    1
   0.246301367272491056E+001   0.675999218260180186E+002   0.406986129850708167E+001  -0.708449478149414062E+002  -0.103951535193769562E+002    1
   0.574115625661805629E+000   0.102775632545888911E+003   0.476096838660680710E+001  -0.708398284912109375E+002  -0.104051535193769507E+002    1
   0.739997382446631158E+000   0.978226867047476816E+002   0.465783930723161355E+001  -0.708288726806640625E+002  -0.104151535193769558E+002    1
   0.181304570555186739E+001   0.916516449008916396E+002   0.421421389157703441E+001  -0.708260269165039062E+002  -0.104251535193769538E+002    1
   0.124110499961063958E+001   0.944458339549656500E+002   0.435951125232833547E+001  -0.708246536254882812E+002  -0.104351535193769482E+002    1
   0.725557743154282342E+000   0.103369932411101345E+003   0.463777628770038319E+001  -0.708205642700195312E+002  -0.104451535193769534E+002    1
