    0.861902458387155795E-94    0.571853149414062500E+03    0.672617405652999878E+00    0.803891217708587646E+02    0.406520295143127441E+01
    0.303285479253841543E-90    0.555501403808593750E+03    0.822544097900390625E-04    0.105628631114959717E+03    0.546403324604034424E+01
    0.678980566542343512E-90    0.553869567871093750E+03    0.179096490144729614E+01    0.101319876909255981E+03    0.493079233169555664E+01
    0.133912403403566278E-89    0.552491210937500000E+03    0.782456099987030029E+00    0.102290431261062622E+03    0.518895173072814941E+01
    0.231700117112963861E-89    0.551374694824218750E+03    0.225384876132011414E+01    0.865951037406921387E+02    0.486679518222808838E+01
    0.236971967063689902E-88    0.546704528808593750E+03    0.200153291225433350E+00    0.621720826625823975E+02    0.552344167232513428E+01
    0.338508606597438086E-88    0.545971313476562500E+03    0.450798124074935913E+00    0.151790056228637695E+03    0.440200817584991455E+01
    0.721787601025268279E-88    0.544436950683593750E+03    0.119548395276069641E+01    0.682659125328063965E+02    0.504548418521881104E+01
    0.715020167215424014E-88    0.544435791015625000E+03    0.357309877872467041E+00    0.914906895160675049E+02    0.452911388874053955E+01
    0.301947558568591944E-86    0.536929565429687500E+03    0.817859470844268799E+00    0.146866581439971924E+03    0.514028298854827881E+01
    0.113808964132094320E-85    0.534255859375000000E+03    0.220389187335968018E+01    0.915095603466033936E+02    0.486414766311645508E+01
    0.108355593854839057E-82    0.520518554687500000E+03    0.223680168390274048E+01    0.153536818027496338E+03    0.481155240535736084E+01
    0.269843637452331987E-82    0.518673706054687500E+03    0.148324027657508850E+01    0.158111528158187866E+03    0.491018903255462646E+01
    0.549310887110652016E-81    0.512626892089843750E+03    0.111268863081932068E+01    0.730804717540740967E+02    0.503316664695739746E+01
    0.211462162551808289E-74    0.482279937744140625E+03    0.491733849048614502E+00    0.146593168973922729E+03    0.527986514568328857E+01
    0.562464112485479628E-74    0.480303375244140625E+03    0.763637423515319824E+00    0.120851144790649414E+03    0.403077995777130127E+01
    0.776278362100759525E-74    0.479639007568359375E+03    0.465901345014572144E+00    0.132104477882385254E+03    0.441205406188964844E+01
    0.259490383996550964E-72    0.472600250244140625E+03    0.325835347175598145E+00    0.120502630472183228E+03    0.541158890724182129E+01
    0.352751364634495688E-71    0.467360992431640625E+03    0.118903532624244690E+01    0.120721141099929810E+03    0.497062051296234131E+01
    0.402877079300412588E-71    0.467075256347656250E+03    0.625243633985519409E+00    0.104523423910140991E+03    0.520535767078399658E+01
    0.176792578841436622E-68    0.454887054443359375E+03    0.709187537431716919E+00    0.144875696897506714E+03    0.414209699630737305E+01
    0.138006345258883664E-66    0.446152069091796875E+03    0.194466888904571533E+01    0.137962428331375122E+03    0.478998363018035889E+01
    0.238557811207558460E-66    0.445037445068359375E+03    0.107606142759323120E+01    0.900657033920288086E+02    0.500234615802764893E+01
    0.858377655941546331E-65    0.437851409912109375E+03    0.533312405217556851E+00    0.757555287618010453E+02    0.436652158201442475E+01
    0.417217831115229095E-62    0.425458770751953125E+03    0.121168941259384155E+00    0.127499172687530518E+03    0.487613797187805176E+01
    0.344218932213434655E-61    0.421218261718750000E+03    0.372734516859054565E+00    0.151611319780349731E+03    0.458724212646484375E+01
    0.677685304254542069E-60    0.415238281250000000E+03    0.127029269933700562E+01    0.128616461753845215E+03    0.490556263923645020E+01
    0.183189838318017471E-59    0.413229431152343750E+03    0.798372924327850342E-01    0.756587660312652588E+02    0.537574851512908936E+01
    0.604634743224664772E-59    0.410821228027343750E+03    0.653897970914840698E+00    0.103422538042068481E+03    0.423680984973907471E+01
    0.627749006026552786E-59    0.410726196289062500E+03    0.508606433868408203E-01    0.108651063442230225E+03    0.536657679080963135E+01
    0.720104525744700460E-57    0.401221343994140625E+03    0.117121684745056867E+00    0.103313555631746311E+03    0.542831834309020600E+01
    0.184153447354373216E-51    0.376297576904296875E+03    0.405908226966857910E+00    0.141948786973953247E+03    0.525164854526519775E+01
    0.218099923627858728E-51    0.375939208984375000E+03    0.202930271625518799E+00    0.962426340579986572E+02    0.482358753681182861E+01
    0.236946309211919386E-51    0.375753448486328125E+03    0.702813267707824707E-01    0.779375410079956055E+02    0.531189429759979248E+01
    0.429608820969517603E-51    0.374543365478515625E+03    0.167163327336311340E+01    0.112090269327163696E+03    0.478169047832489014E+01
    0.610715027576932410E-51    0.373819854736328125E+03    0.727380812168121338E-01    0.936862325668334961E+02    0.502960586547851562E+01
    0.200321050223901249E-50    0.371424102783203125E+03    0.546258738090659279E+00    0.132663655430185145E+03    0.515999708667711854E+01
    0.209131006596127809E-50    0.371318023681640625E+03    0.134697109460830688E+00    0.118021420240402222E+03    0.539992022514343262E+01
    0.589307174132487285E-49    0.364620880126953125E+03    0.233293265104293823E+01    0.113437000513076782E+03    0.466029095649719238E+01
    0.160147341251498708E-47    0.357996246337890625E+03    0.235691115260124207E+01    0.149000320434570312E+03    0.461462485790252686E+01
    0.319335990559625749E-47    0.356595947265625000E+03    0.115166664123535156E+01    0.111072174310684204E+03    0.488287043571472168E+01
    0.328657571767238990E-47    0.356518402099609375E+03    0.175926581025123596E+01    0.627818202972412109E+02    0.474231982231140137E+01
    0.150786255464559314E-46    0.353451538085937500E+03    0.235030397772789001E+01    0.156639037132263184E+03    0.460060000419616699E+01
    0.630409298586719091E-46    0.350570526123046875E+03    0.173638731241226196E+01    0.157249126434326172E+03    0.468566644191741943E+01
    0.918153202430692623E-44    0.340588195800781250E+03    0.149982869625091553E+00    0.143990818262100220E+03    0.490650522708892822E+01
    0.110066778225905653E-41    0.330995239257812500E+03    0.184295911982355620E+00    0.135486224979134022E+03    0.486296585320865660E+01
    0.193192146014403610E-40    0.325244873046875000E+03    0.895109772682189941E-01    0.742798364162445068E+02    0.525983512401580811E+01
    0.248190170447496920E-39    0.320118682861328125E+03    0.126535058021545410E+01    0.807020640373229980E+02    0.481438088417053223E+01
    0.502065473741144656E-38    0.314084442138671875E+03    0.178671151399612427E+01    0.627505397796630859E+02    0.468981218338012695E+01
    0.864684915054868196E-38    0.312977172851562500E+03    0.119946658611297607E+01    0.134221253395080566E+03    0.479047358036041260E+01
    0.432312883894532215E-37    0.309738433837890625E+03    0.615381896495819092E+00    0.142553136348724365E+03    0.439923071861267090E+01
    0.236521037536542268E-36    0.306319488525390625E+03    0.258551388978958130E+00    0.872591352462768555E+02    0.481301999092102051E+01
    0.195509823056100862E-34    0.297470001220703125E+03    0.230093151330947876E+00    0.159622470140457153E+03    0.486711704730987549E+01
    0.133274092732231294E-33    0.293611236572265625E+03    0.185417160391807556E+01    0.645446634292602539E+02    0.464613986015319824E+01
    0.188505620967973321E-33    0.292897796630859375E+03    0.871019065380096436E+00    0.148964277505874634E+03    0.419980800151824951E+01
    0.186929211816840440E-33    0.292894592285156250E+03    0.697592645883560181E+00    0.824224865436553955E+02    0.501052713394165039E+01
    0.287599350550156781E-32    0.287407745361328125E+03    0.100396394729614258E+01    0.855939602851867676E+02    0.406002175807952881E+01
    0.769651545807904735E-32    0.285419006347656250E+03    0.764053612947463989E+00    0.770760929584503174E+02    0.427235853672027588E+01
    0.593873890044497649E-31    0.281312377929687500E+03    0.244552612304687500E+01    0.145803419351577759E+03    0.449561512470245361E+01
    0.671353876730237014E-31    0.281047119140625000E+03    0.102210026734148585E+01    0.150466286959090041E+03    0.409181348205172046E+01
    0.231128281769407798E-30    0.278554595947265625E+03    0.111499102509279702E+01    0.139704012470223091E+03    0.476989945777385849E+01
    0.469325070592486867E-30    0.277117950439453125E+03    0.105419084429740906E+01    0.726546442508697510E+02    0.482874119281768799E+01
    0.377599398247096534E-29    0.272927703857421875E+03    0.485774577215015213E+00    0.129365781864438929E+03    0.457757912610249473E+01
    0.153012050847584675E-27    0.265503997802734375E+03    0.904701948165893555E+00    0.111014375686645508E+03    0.486141383647918701E+01
    0.582644858840122207E-27    0.262809875488281250E+03    0.786487687551078007E+00    0.801266456183255684E+02    0.428746601053330600E+01
    0.193195467822936758E-26    0.260392456054687500E+03    0.185345664620399475E+01    0.122899178266525269E+03    0.457724809646606445E+01
    0.596507968225849987E-26    0.258117675781250000E+03    0.146424683804919908E+01    0.137696633019286935E+03    0.463972117633088654E+01
    0.398266993797221398E-25    0.254300445556640625E+03    0.613782856915600528E+00    0.927990662616291928E+02    0.501809856197676574E+01
    0.510754371874206841E-25    0.253782913208007812E+03    0.147429783369269662E+01    0.877890340011822872E+02    0.467447151063283162E+01
    0.164233606703114975E-24    0.251426940917968750E+03    0.181030091416485828E+01    0.141549755892802750E+03    0.453353896993709249E+01
    0.556113698897495557E-24    0.248967575073242188E+03    0.821453034877777100E+00    0.106720421314239502E+03    0.427946281433105469E+01
    0.195982571879290276E-23    0.246428298950195312E+03    0.667730367855803864E+00    0.100027081844060660E+03    0.441650528295915645E+01
    0.319442136606464312E-23    0.245431198120117188E+03    0.225761278082519290E+01    0.884744325725803407E+02    0.450456003721960130E+01
    0.559784791322688844E-23    0.244289245605468750E+03    0.664672655528032674E+00    0.157579395322088999E+03    0.449576032594187502E+01
    0.403052834954969607E-22    0.240321044921875000E+03    0.120449734094708805E+01    0.124139623520824387E+03    0.470194517028200742E+01
    0.434984471713491815E-22    0.240148559570312500E+03    0.881400257349014282E+00    0.135471735000610352E+03    0.424141502380371094E+01
    0.112729399808940249E-21    0.238224029541015625E+03    0.201963156461715698E+01    0.137919280529022217E+03    0.448581385612487793E+01
    0.121576814992028035E-21    0.238052917480468750E+03    0.877700104043927065E+00    0.739135918460713555E+02    0.484972249513586995E+01
    0.151606703925061656E-21    0.237591430664062500E+03    0.147627165979329611E+01    0.624739077769452393E+02    0.463346938523566809E+01
    0.189360107558428654E-21    0.237126708984375000E+03    0.375217950575641113E+00    0.786184407965218099E+02    0.474659004646197324E+01
    0.193821490142208940E-21    0.237060134887695312E+03    0.107190125061293062E+01    0.134171109779002194E+03    0.473605898701211192E+01
    0.337155363621134201E-21    0.235932922363281250E+03    0.344059914350509644E+00    0.149973944425582886E+03    0.478781509399414062E+01
    0.139592340159808714E-19    0.228466217041015625E+03    0.220596077951545400E+00    0.125603232858163253E+03    0.492198263588276941E+01
    0.168340487216959140E-18    0.223466522216796875E+03    0.567192163793392878E+00    0.122240654131078912E+03    0.498619062388981238E+01
    0.669698265582149880E-18    0.220684844970703125E+03    0.108044818043708801E+01    0.155697069168090820E+03    0.426718842983245850E+01
    0.108841578112832839E-17    0.219693542480468750E+03    0.134279415011405945E+01    0.693643903732299805E+02    0.400387203693389893E+01
    0.130646797307051176E-17    0.219308334350585938E+03    0.731562972068786621E+00    0.145222840309143066E+03    0.443781960010528564E+01
    0.643327529877823843E-17    0.216100021362304688E+03    0.109452784061431885E+01    0.898554122447967529E+02    0.472395312786102295E+01
    0.104462430000773898E-16    0.215110504150390625E+03    0.110232993960380554E+01    0.643927133083343506E+02    0.470407497882843018E+01
    0.118415050775308356E-16    0.214839767456054688E+03    0.198027178645133972E+01    0.893143033981323242E+02    0.448360085487365723E+01
    0.397555216107509947E-16    0.212397491455078125E+03    0.135964696957179187E+01    0.149279825299697137E+03    0.410785820409947178E+01
    0.680193066757180769E-16    0.211303405761718750E+03    0.122953351624007734E+01    0.138996886856665583E+03    0.462079254612839385E+01
    0.113492156096525634E-15    0.210259521484375000E+03    0.125472299210743965E+01    0.659304824850717353E+02    0.406701733753525829E+01
    0.117423358100207462E-15    0.210171417236328125E+03    0.206323981285095215E+01    0.103931072950363159E+03    0.446478080749511719E+01
    0.191284922955258753E-15    0.209175460815429688E+03    0.205752655863761902E+01    0.119991329908370972E+03    0.442127990722656250E+01
    0.220154629494239080E-15    0.208874328613281250E+03    0.782843278444855240E+00    0.811255395347377544E+02    0.484741654316811310E+01
    0.238240643892741407E-15    0.208696426391601562E+03    0.169045521075890792E+01    0.133328465181841125E+03    0.445961300739698085E+01
    0.281308412476436645E-15    0.208344085693359375E+03    0.680691393745233242E+00    0.149698209945112069E+03    0.451913069984990212E+01
    0.612474335723407518E-15    0.206767974853515625E+03    0.141630053520202637E+01    0.159305492639541626E+03    0.431593894958496094E+01
    0.878999119651049001E-15    0.206025421142578125E+03    0.163858971613744231E+01    0.114378880722262863E+03    0.452741915273815287E+01
    0.106958038727870149E-14    0.205612945556640625E+03    0.121920242905616760E+01    0.133965692520141602E+03    0.411538648605346680E+01
    0.219948543843440752E-14    0.204151031494140625E+03    0.498903531411910017E+00    0.819121301083697517E+02    0.465510663827351490E+01
    0.363218857515423554E-14    0.203127807617187500E+03    0.725832581520080566E+00    0.875372266769409180E+02    0.486196911334991455E+01
    0.259028552030308847E-13    0.199178771972656250E+03    0.458041226182366368E+00    0.911592200068888872E+02    0.503669044562690349E+01
    0.307527237738085086E-13    0.198815521240234375E+03    0.114341550352083510E+01    0.131147283802821391E+03    0.464192945444205929E+01
    0.495686981974905054E-13    0.197840759277343750E+03    0.132656705037008882E+01    0.694271464609445133E+02    0.457222279856898250E+01
    0.599297709532766775E-13    0.197441131591796875E+03    0.165537323186881258E+01    0.131050387615092177E+03    0.446591652670400840E+01
    0.149520931497472114E-12    0.195592605590820312E+03    0.206262841820716858E+01    0.993234431743621826E+02    0.441206645965576172E+01
    0.172523844017143117E-12    0.195286407470703125E+03    0.923507990626257658E+00    0.148430097434506365E+03    0.439306134780362889E+01
    0.185552390724437892E-12    0.195120803833007812E+03    0.137704685330390930E+01    0.735755360126495361E+02    0.456574571132659912E+01
    0.199826870999805682E-12    0.194952575683593750E+03    0.191306963088670678E+01    0.789695326366094434E+02    0.445531024647175311E+01
    0.212405305641395394E-12    0.194810485839843750E+03    0.102312076023668408E+01    0.127775020210624390E+03    0.425198075532243358E+01
    0.210815522720949084E-12    0.194805511474609375E+03    0.105714306385881440E+01    0.144569148759886275E+03    0.460668371882838290E+01
    0.277923291424775229E-12    0.194232788085937500E+03    0.184966102242469788E+01    0.157616261243820190E+03    0.415293848514556885E+01
    0.279476088996048781E-12    0.194201644897460938E+03    0.948841720819473267E+00    0.114636526107788086E+03    0.474002802371978760E+01
    0.343169976522777839E-12    0.193771026611328125E+03    0.105442069860627630E+01    0.122172615664957220E+03    0.423119440728563756E+01
    0.346083954318559460E-12    0.193734115600585938E+03    0.130561664700508118E+01    0.157596317529678345E+03    0.438020086288452148E+01
    0.344927489712519609E-12    0.193720809936523438E+03    0.173694320115846268E+01    0.681099708771868251E+02    0.445978605817501883E+01
    0.456004889351369929E-12    0.193142471313476562E+03    0.446596657583122114E+00    0.931992615238465305E+02    0.503527623371758892E+01
    0.475221348513908880E-12    0.193039916992187500E+03    0.227804609537496860E+01    0.119318825209297216E+03    0.434930715419948566E+01
    0.526047285434639683E-12    0.192816696166992188E+03    0.198958183605537453E+01    0.929071347492140944E+02    0.443461018329057843E+01
    0.104627594890848100E-11    0.191421493530273438E+03    0.184827510009786167E+01    0.156613783661239495E+03    0.426454285589543325E+01
    0.130400313224441840E-11    0.190961090087890625E+03    0.171513319015502930E+01    0.641867733001708984E+02    0.447146141529083252E+01
    0.132632077622687908E-11    0.190907150268554688E+03    0.209232121706008911E+00    0.827920353412628174E+02    0.513606071472167969E+01
    0.142551275623115481E-11    0.190742904663085938E+03    0.884931174990589042E+00    0.658321887871341431E+02    0.438156133507688583E+01
    0.172658584365664758E-11    0.190339675903320312E+03    0.907450318336486816E+00    0.606328642368316650E+02    0.435589993000030518E+01
    0.450619403977165901E-11    0.188401062011718750E+03    0.131219441699168105E+01    0.878352213440712433E+02    0.407057135857197139E+01
    0.472884242769288574E-11    0.188284606933593750E+03    0.120124407261477217E+01    0.140330205068490869E+03    0.453975395567598827E+01
    0.538299524820877963E-11    0.188005477905273438E+03    0.239076659823595161E+01    0.116459669751312404E+03    0.433795831300284096E+01
    0.534523314029701797E-11    0.187999557495117188E+03    0.159300188705113399E+01    0.629668836171149309E+02    0.447085962972043571E+01
    0.673833477201634171E-11    0.187516342163085938E+03    0.244427855764878288E+01    0.109260019061835052E+03    0.432829128450685552E+01
    0.867931853606364346E-11    0.186990081787109375E+03    0.101550297076004381E+01    0.116438242941692181E+03    0.467390007812080821E+01
    0.166624752885099391E-10    0.185665649414062500E+03    0.170532464981079102E+01    0.108812484741210938E+03    0.446866142749786377E+01
    0.177233528570794023E-10    0.185522201538085938E+03    0.931921871478476160E+00    0.856643452685914184E+02    0.433394506299849969E+01
    0.299810590915884684E-10    0.184450836181640625E+03    0.182599473852828287E+01    0.150606591675403649E+03    0.424461918154580076E+01
    0.453108754965463670E-10    0.183604873657226562E+03    0.629070514535446490E+00    0.630662585211061284E+02    0.488308868312358157E+01
    0.171883415306594047E-09    0.180918334960937500E+03    0.127953172406277260E+01    0.141435214749566740E+03    0.446801962153924848E+01
    0.185825160835997160E-09    0.180742355346679688E+03    0.144283617354936755E+01    0.111238869138802556E+03    0.405919060792271136E+01
    0.256089048647815916E-09    0.180080917358398438E+03    0.114881061871904921E+01    0.775808109665686487E+02    0.422557758104138337E+01
    0.282966205797402375E-09    0.179861312866210938E+03    0.103515505790710449E+01    0.102075103521347046E+03    0.466307449340820312E+01
    0.314888129084401771E-09    0.179627532958984375E+03    0.113575084791309422E+01    0.141931048382872973E+03    0.436044267609964908E+01
    0.322877985457381604E-09    0.179557418823242188E+03    0.152907539159759853E+01    0.121462185421935658E+03    0.445437555656764150E+01
    0.339410748456070282E-09    0.179437545776367188E+03    0.144303470849990845E+01    0.142289385795593262E+03    0.414752244949340820E+01
    0.374226705469159021E-09    0.179222244262695312E+03    0.139518216252326965E+01    0.146668723821640015E+03    0.442574071884155273E+01
    0.607143937271326797E-09    0.178234436035156250E+03    0.162331267242138155E+01    0.701307372547986461E+02    0.404020552364171781E+01
    0.637123117120558449E-09    0.178118041992187500E+03    0.194003280910630593E+01    0.957257363625634525E+02    0.439606241600433645E+01
    0.933397826276296705E-09    0.177334304809570312E+03    0.950332159623154205E+00    0.841685107180045691E+02    0.436290455893896834E+01
    0.145684978202107008E-08    0.176423904418945312E+03    0.715424393380121315E+00    0.714553583279495683E+02    0.450753433738596954E+01
    0.182337570850610735E-08    0.175955078125000000E+03    0.153047705668561917E+01    0.134499759834279672E+03    0.442854379188232894E+01
    0.200004082996971509E-08    0.175750122070312500E+03    0.150058516818585996E+01    0.136487030604557390E+03    0.415898421404067253E+01
    0.290459190582241926E-08    0.174983871459960938E+03    0.158665901446015756E+01    0.684276418502418267E+02    0.408208864326368825E+01
    0.344979564252717143E-08    0.174619827270507812E+03    0.153193711625447038E+01    0.608499850856809985E+02    0.445683434964518455E+01
    0.541410916586548107E-08    0.173698440551757812E+03    0.105379790067672729E+01    0.132292357683181763E+03    0.433354890346527100E+01
    0.590200021883081271E-08    0.173505874633789062E+03    0.187041335187727342E+01    0.824615559518743453E+02    0.439376924015783299E+01
    0.712239171543315038E-08    0.173109970092773438E+03    0.120388998136828085E+01    0.139788643448030541E+03    0.429605969290357859E+01
    0.974126835752333144E-08    0.172463714599609375E+03    0.159339281126866350E+01    0.146504537824948471E+03    0.415200545560629752E+01
    0.113968044033588297E-07    0.172129791259765625E+03    0.154743456414813574E+01    0.620683783558710900E+02    0.441524550007668903E+01
    0.143816829007873577E-07    0.171644546508789062E+03    0.208948499066993909E+01    0.106986580203691616E+03    0.434456577881581030E+01
    0.148391439013197180E-07    0.171561920166015625E+03    0.221212640404701233E+01    0.138261667490005493E+03    0.422522282600402832E+01
    0.149221661882593851E-07    0.171530761718750000E+03    0.112450117113742554E+01    0.143513229841676150E+03    0.436164699891328844E+01
    0.158416329648743371E-07    0.171391174316406250E+03    0.968215988547849182E+00    0.141248959979160247E+03    0.450538583449049490E+01
    0.159637221048099980E-07    0.171355819702148438E+03    0.241486787515113699E+01    0.133233807559478578E+03    0.411926585085738228E+01
    0.185968596345743423E-07    0.171030471801757812E+03    0.372909903526306152E+00    0.136269316673278809E+03    0.488272154331207275E+01
    0.247182234792711022E-07    0.170441375732421875E+03    0.105665951967239380E+01    0.974018847942352295E+02    0.428708493709564209E+01
    0.251222865840163628E-07    0.170388946533203125E+03    0.605380386114120483E+00    0.667198693752288818E+02    0.486216485500335693E+01
    0.253385084120788866E-07    0.170351806640625000E+03    0.700860971490438911E+00    0.131257396700406389E+03    0.475205418290385229E+01
    0.254524888109768742E-07    0.170322830200195312E+03    0.152266250842765705E+01    0.133842378699394715E+03    0.437706579861580725E+01
    0.259797100255500096E-07    0.170261825561523438E+03    0.427716672420501709E+00    0.668573236465454102E+02    0.497478199005126953E+01
    0.280191201265416959E-07    0.170090682983398438E+03    0.753538378817786736E+00    0.120970538310809246E+03    0.476073866102804999E+01
    0.279448869069646011E-07    0.170075988769531250E+03    0.246389382067640561E+01    0.879486488538388471E+02    0.428308066909258844E+01
    0.282254275940156132E-07    0.170036010742187500E+03    0.146863006632965809E+01    0.128351355303344974E+03    0.413995011530251222E+01
    0.305875614458467814E-07    0.169855270385742188E+03    0.184556350111961365E+01    0.139632127285003662E+03    0.431188738346099854E+01
    0.380796975427383199E-07    0.169397094726562500E+03    0.204136814908468711E+01    0.132790798558120258E+03    0.426403854888675493E+01
    0.398999590657063013E-07    0.169283706665039062E+03    0.163824766874313354E+01    0.117874935865402222E+03    0.406832551956176758E+01
    0.416509132865212580E-07    0.169177810668945312E+03    0.115480701139006858E+01    0.138345743860448636E+03    0.444517440204150738E+01
    0.413388546907130799E-07    0.169172851562500000E+03    0.170899978927790208E+01    0.831026930732122651E+02    0.439226274290499852E+01
    0.443498734839571508E-07    0.169012237548828125E+03    0.131981207156198188E+01    0.942128068841286961E+02    0.416897276592009014E+01
    0.555208993248627139E-07    0.168542938232421875E+03    0.409106382321521966E+00    0.633919292189088281E+02    0.491230286126244664E+01
    0.565577891502631136E-07    0.168485931396484375E+03    0.128405537896793742E+01    0.132889467535792534E+03    0.447537332871631488E+01
    0.734027557808401913E-07    0.167944534301757812E+03    0.115553876718092452E+01    0.142536861490666695E+03    0.439603750021189565E+01
    0.789230542879469268E-07    0.167779510498046875E+03    0.199166656917327467E+01    0.138318969999489639E+03    0.418100758651205862E+01
    0.120870794468400953E-06    0.166907012939453125E+03    0.103574931621551514E+01    0.136480573415756226E+03    0.449833500385284424E+01
    0.135982986405878398E-06    0.166651397705078125E+03    0.158935545942305390E+01    0.140624932151729183E+03    0.424179433735488232E+01
    0.168320966818058913E-06    0.166204711914062500E+03    0.684334708152858462E+00    0.639937699943084652E+02    0.479640788488738057E+01
    0.235441236915127441E-06    0.165513534545898438E+03    0.759605127962784454E+00    0.130576722166255081E+03    0.474560249054538197E+01
    0.248020455164608918E-06    0.165389434814453125E+03    0.123316094084945638E+01    0.730148821106993040E+02    0.425342075435747802E+01
    0.249981494882559877E-06    0.165353683471679688E+03    0.170741945917291149E+01    0.123074208017898414E+03    0.437401759299942139E+01
    0.270763542593269508E-06    0.165173965454101562E+03    0.201401785016059875E+01    0.131343821287155151E+03    0.402087819576263428E+01
    0.288572355831940794E-06    0.165026565551757812E+03    0.426451089727883648E+00    0.112305686087921060E+03    0.478647768801095719E+01
    0.360573490675526735E-06    0.164561065673828125E+03    0.500235019203919440E+00    0.135503948505394533E+03    0.486434482758987841E+01
    0.359991528118278695E-06    0.164544296264648438E+03    0.109728218804943678E+01    0.605798919796834028E+02    0.431037887382519624E+01
    0.362240450902747583E-06    0.164511840820312500E+03    0.205706562031360107E+01    0.137088917228371741E+03    0.418851335261178193E+01
    0.399139299947917864E-06    0.164297836303710938E+03    0.598031278416759404E+00    0.112592716947874379E+03    0.462591234532744533E+01
    0.406559371334422640E-06    0.164240997314453125E+03    0.162204341589015977E+01    0.133345880242927763E+03    0.415911991347265353E+01
    0.442426093560974132E-06    0.164051910400390625E+03    0.102692082040611643E+01    0.135992009307889816E+03    0.439312609917581653E+01
    0.497544161239275267E-06    0.163797088623046875E+03    0.147736029547991654E+01    0.620168922952172892E+02    0.411958751859813166E+01
    0.658838668230976383E-06    0.163215499877929688E+03    0.206094681949038527E+01    0.104579955837372921E+03    0.431683514345509511E+01
    0.668057304608734973E-06    0.163167709350585938E+03    0.611311780183213971E+00    0.122586635871969747E+03    0.462324162857636978E+01
    0.753903101973308321E-06    0.162905929565429688E+03    0.145173488601438305E+01    0.111430234079879483E+03    0.416663951444715330E+01
    0.771447490964009617E-06    0.162839920043945312E+03    0.249784037470817566E+01    0.867724931240081787E+02    0.425328147411346436E+01
    0.883479398782473374E-06    0.162548721313476562E+03    0.175454055377979179E+01    0.131550172734600892E+03    0.413250966900290262E+01
    0.106074185838560441E-05    0.162163009643554688E+03    0.211751249640181793E+01    0.127724367409641701E+03    0.425706874933068224E+01
    0.108270573652779902E-05    0.162102020263671875E+03    0.131088875216404666E+01    0.129651155494578120E+03    0.441771057887203611E+01
    0.186237819769195090E-05    0.160997238159179688E+03    0.111039691357104986E+01    0.118975111599588672E+03    0.453919184480339410E+01
    0.218780261488910338E-05    0.160655151367187500E+03    0.188620340517707463E+01    0.699264522412960616E+02    0.431361704461737894E+01
    0.217005304246934128E-05    0.160651443481445312E+03    0.145971730351448059E+01    0.644470012187957764E+02    0.419372224807739258E+01
    0.297656781819976590E-05    0.159999404907226562E+03    0.220459205380910728E+01    0.105596160388336386E+03    0.427633597753482153E+01
    0.337058523195116450E-05    0.159730773925781250E+03    0.150988816429342787E+01    0.785510584891664223E+02    0.441289984511785871E+01
    0.360553922796582226E-05    0.159576004028320312E+03    0.131537291098033071E+01    0.127789247186727721E+03    0.439434959087499788E+01
    0.382052637438588307E-05    0.159440170288085938E+03    0.869236439466476440E+00    0.756997323036193848E+02    0.465909886360168457E+01
    0.407414277756199635E-05    0.159291625976562500E+03    0.211176488227206294E+01    0.809877590009159292E+02    0.429398880916397463E+01
    0.445305653465138852E-05    0.159093765258789062E+03    0.114838539594512490E+01    0.103491580888501687E+03    0.429831658809996764E+01
    0.531078850873900519E-05    0.158721466064453125E+03    0.113719585658873501E+01    0.100312928726246724E+03    0.424795772770460989E+01
    0.651527352641281591E-05    0.158292648315429688E+03    0.207825949959481582E+01    0.125828227967835673E+03    0.420362880489853197E+01
    0.672574713217299390E-05    0.158209060668945312E+03    0.617511761648924073E+00    0.737515014666491453E+02    0.480213373388383236E+01
    0.855793176209216106E-05    0.157707229614257812E+03    0.185011044064754904E+01    0.127810074243308762E+03    0.423327841679543759E+01
    0.852016436041763009E-05    0.157696075439453125E+03    0.137823566794395447E+01    0.622718131542205811E+02    0.433077692985534668E+01
    0.925718312436092693E-05    0.157510147094726562E+03    0.177360331808567206E+01    0.126656290062806761E+03    0.413157396588492620E+01
    0.986364341132542066E-05    0.157363235473632812E+03    0.647870833617317565E+00    0.125466974997395397E+03    0.463493671269682039E+01
    0.106945788372251111E-04    0.157181472778320312E+03    0.170196294784545898E+01    0.109558901786804199E+03    0.407365512847900391E+01
    0.129278378407872140E-04    0.156782180786132812E+03    0.186323274229202562E+01    0.123352785901142070E+03    0.420936717937456972E+01
    0.129887656322446306E-04    0.156752777099609375E+03    0.642563731796453208E+00    0.715741989567279830E+02    0.480384094453751409E+01
    0.129951371121751955E-04    0.156731796264648438E+03    0.229879096150398254E+01    0.110169217586517334E+03    0.418333280086517334E+01
    0.131436338545169298E-04    0.156689071655273438E+03    0.172435956405673796E+01    0.688651784880057392E+02    0.411587241912546897E+01
    0.141829830689268501E-04    0.156516860961914062E+03    0.242728948593139648E+01    0.126000390052795410E+03    0.409907400608062744E+01
    0.166588450241417437E-04    0.156175064086914062E+03    0.229890256010908001E+01    0.109081995393284814E+03    0.419919937101705365E+01
    0.190318620722896771E-04    0.155888717651367188E+03    0.554884442461829108E+00    0.115846180684861906E+03    0.467508345420313276E+01
    0.221338920169502132E-04    0.155566726684570312E+03    0.595067590475082397E+00    0.618521010875701904E+02    0.479453897476196289E+01
    0.221887203915093360E-04    0.155541778564453125E+03    0.141375066812460215E+01    0.897027312683006528E+02    0.441945892074696012E+01
    0.264023356409518932E-04    0.155174041748046875E+03    0.137368641319523865E+01    0.768191708329542706E+02    0.423102027055173835E+01
    0.323834577437525818E-04    0.154745651245117188E+03    0.591312040128410210E+00    0.110157737924325360E+03    0.465140893783915388E+01
    0.370936374812582366E-04    0.154454055786132812E+03    0.711204791126309077E+00    0.612996291232213437E+02    0.472633205093729902E+01
    0.371551791498956078E-04    0.154430740356445312E+03    0.136118099093437195E+01    0.131801578998565674E+03    0.437122333049774170E+01
    0.390606665732654381E-04    0.154310714721679688E+03    0.201134917226548282E+01    0.121455380920060605E+03    0.413894439916907331E+01
    0.415561665195073301E-04    0.154166854858398438E+03    0.950772420087617309E+00    0.763334790152999005E+02    0.438994550512707704E+01
    0.416101886026316300E-04    0.154144256591796875E+03    0.195131446238883810E+01    0.116851044096150048E+03    0.420839390361067078E+01
    0.435736069987495268E-04    0.154032043457031250E+03    0.148568012006897288E+01    0.122623991006106706E+03    0.430252122854883101E+01
    0.523019052547641207E-04    0.153646881103515625E+03    0.144507563411980988E+01    0.657848558295038970E+02    0.423660120966364850E+01
    0.528044024689932974E-04    0.153607757568359375E+03    0.125209714706506059E+01    0.614154847533103307E+02    0.441820356310565909E+01
    0.562779129315413480E-04    0.153460342407226562E+03    0.352462814536143809E+00    0.121183724279062318E+03    0.494941854333515341E+01
    0.574291892283640320E-04    0.153399841308593750E+03    0.612972229719161987E+00    0.661530768871307373E+02    0.472648513317108154E+01
    0.590934025717519942E-04    0.153322708129882812E+03    0.215520113325468810E+01    0.113727933541850234E+03    0.421841937922537458E+01
    0.614597375881832073E-04    0.153224182128906250E+03    0.165496251634892677E+01    0.111132581498035108E+03    0.410975356098186495E+01
    0.609760016111087212E-04    0.153219985961914062E+03    0.169098204436345045E+01    0.759532844760524029E+02    0.428334441249355535E+01
    0.619084928178792964E-04    0.153169631958007812E+03    0.986101868071075471E+00    0.128299318767081729E+03    0.446841517225195517E+01
    0.614390344261020574E-04    0.153164855957031250E+03    0.503628478217541309E+00    0.682578495218505310E+02    0.485583919021330956E+01
    0.611496974230495757E-04    0.153154296875000000E+03    0.204986348415213815E+01    0.108234846062932121E+03    0.404811186324195571E+01
    0.629049259454052224E-04    0.153077697753906250E+03    0.224639481747777703E+01    0.713329082301585089E+02    0.411827796778810384E+01
    0.632959710830406359E-04    0.153045303344726562E+03    0.203930493007148694E+01    0.975934850579094189E+02    0.411666094704722152E+01
    0.627369651372896447E-04    0.153043045043945312E+03    0.173800056316830953E+01    0.647744425866529525E+02    0.421045857953303315E+01
    0.637839200982449992E-04    0.152989944458007812E+03    0.201766667763088758E+01    0.670772967660108321E+02    0.420638780368290188E+01
    0.677451308192440646E-04    0.152849441528320312E+03    0.808192686290837181E+00    0.807506076420924046E+02    0.450914281608145551E+01
    0.700660592376548100E-04    0.152762069702148438E+03    0.164726580551396107E+01    0.990425978009784842E+02    0.412131366092264528E+01
    0.693794759599472100E-04    0.152761764526367188E+03    0.115773603320121765E+01    0.689561343193054199E+02    0.439086341857910156E+01
    0.728263635850086413E-04    0.152644790649414062E+03    0.187861398097884957E+01    0.969240184079758649E+02    0.430916932631871052E+01
    0.744251126027345162E-04    0.152581359863281250E+03    0.230667527058470156E+01    0.114446716553898739E+03    0.418892636644820104E+01
    0.765257730991655805E-04    0.152505691528320312E+03    0.130395157997013067E+01    0.717573065038682358E+02    0.428860307008602870E+01
    0.788407613091589949E-04    0.152426086425781250E+03    0.168554201581481466E+01    0.120747938380114647E+03    0.421494355355263117E+01
    0.831926057881736652E-04    0.152298629760742188E+03    0.153873620057082139E+01    0.111064079602448004E+03    0.421330561594691577E+01
    0.862083457688582190E-04    0.152207412719726562E+03    0.187238615315222678E+01    0.756819250780897619E+02    0.422964594900260948E+01
    0.857081482502767601E-04    0.152199050903320312E+03    0.124465460655268689E+01    0.689978073830467054E+02    0.440912274721125730E+01
    0.885451234831250653E-04    0.152113922119140625E+03    0.677141850126717681E+00    0.129310046199000908E+03    0.471686803025665746E+01
    0.910839250599931470E-04    0.152037384033203125E+03    0.593371765216956559E+00    0.122364646803428940E+03    0.478440012871373543E+01
    0.902905275924412295E-04    0.152034881591796875E+03    0.961617369365142527E+00    0.115430403269314525E+03    0.457935734958768403E+01
    0.931383784495604014E-04    0.151952774047851562E+03    0.102993796475601318E+01    0.106565207738178884E+03    0.436155694056600574E+01
    0.986904258215215224E-04    0.151816970825195312E+03    0.167919617888847017E+01    0.754916826391960143E+02    0.423641031933183676E+01
    0.110279786895248931E-03    0.151574905395507812E+03    0.196087797042936751E+01    0.121522027224808653E+03    0.415100221019330551E+01
    0.118905914198406783E-03    0.151404281616210938E+03    0.167234761019269662E+01    0.693317609951109119E+02    0.419398197048280430E+01
    0.120595434873592980E-03    0.151356063842773438E+03    0.974315652412812927E+00    0.117043520980539896E+03    0.452235867090568000E+01
    0.127789092285806336E-03    0.151220184326171875E+03    0.201141403816743347E+01    0.101026575856024834E+03    0.410433106551808446E+01
    0.129478327593428278E-03    0.151173919677734375E+03    0.417418873932285439E+00    0.132535783198356455E+03    0.485975064976228310E+01
    0.130175916900587390E-03    0.151143173217773438E+03    0.167975986927549781E+01    0.699006326042509158E+02    0.419876029737536971E+01
    0.134763137531416957E-03    0.151053909301757812E+03    0.968422740697860718E+00    0.125993708372116089E+03    0.453535330295562744E+01
    0.148657125037260043E-03    0.150837661743164062E+03    0.146426539767593944E+01    0.105997775700937510E+03    0.429440286427880658E+01
    0.157174154519762921E-03    0.150706237792968750E+03    0.206417822480890889E+01    0.115560322300362571E+03    0.418645549869058264E+01
    0.162892858560762644E-03    0.150614761352539062E+03    0.143952946073334664E+01    0.690368627114117430E+02    0.429909436247778398E+01
    0.171615581099778474E-03    0.150490432739257812E+03    0.182753672880027063E+01    0.100625044756224838E+03    0.422456831040607561E+01
    0.173828446209520237E-03    0.150444808959960938E+03    0.127742449734240715E+01    0.118888222498806300E+03    0.431761830528960022E+01
    0.174451923524727341E-03    0.150417648315429688E+03    0.244482681155204773E+01    0.112747309207916260E+03    0.404130709171295166E+01
    0.177401071487855990E-03    0.150364120483398438E+03    0.589747865613234223E+00    0.721098921959057293E+02    0.478750152329929080E+01
    0.178238507376125621E-03    0.150334701538085938E+03    0.908397182396995184E+00    0.110421497716269812E+03    0.462820163992986178E+01
    0.179175560972904933E-03    0.150304214477539062E+03    0.176821054858135573E+01    0.752205104619859242E+02    0.426061403703118557E+01
    0.178518257840096049E-03    0.150291564941406250E+03    0.840681537999675488E+00    0.121147138378056979E+03    0.453170600054749961E+01
    0.180876698547220889E-03    0.150245315551757812E+03    0.100468546972700468E+01    0.115395163730200665E+03    0.454393123159302625E+01
    0.185119847904955396E-03    0.150178939819335938E+03    0.114249243769331454E+01    0.771120178735774431E+02    0.446704914479036930E+01
    0.192541597000430684E-03    0.150080322265625000E+03    0.189603984599809694E+01    0.817092011607827260E+02    0.410450490604139073E+01
    0.205285412919793990E-03    0.149932144165039062E+03    0.246935215771779015E+01    0.890991458834856900E+02    0.412675057740084128E+01
    0.220079999147124254E-03    0.149772964477539062E+03    0.217930863062427083E+01    0.840878949921430916E+02    0.416429951567165624E+01
    0.219262601358572844E-03    0.149760406494140625E+03    0.112114112265054811E+01    0.126781229754659009E+03    0.443186688434934073E+01
    0.219080805504149218E-03    0.149742065429687500E+03    0.218217158408700884E+01    0.100091178486100034E+03    0.419475746458602128E+01
    0.230840504103669973E-03    0.149617492675781250E+03    0.201326417601209240E+01    0.788778651975414959E+02    0.421557034837574740E+01
    0.243584273618150385E-03    0.149490020751953125E+03    0.996639238069116917E+00    0.110387042682988607E+03    0.453308594940160070E+01
    0.251814102035336775E-03    0.149403564453125000E+03    0.238268802865309404E+01    0.110743995428195916E+03    0.413198507033300011E+01
    0.250293823543996192E-03    0.149395675659179688E+03    0.185833142915120431E+01    0.113058357063112254E+03    0.418023528358312380E+01
    0.250053864946527839E-03    0.149377593994140625E+03    0.668670535087585449E+00    0.115682164430618286E+03    0.466646599769592285E+01
    0.257152871606211001E-03    0.149301605224609375E+03    0.168685792552261615E+01    0.731055967145134957E+02    0.420797466507462303E+01
    0.269262234410396894E-03    0.149189575195312500E+03    0.497195424636087902E+00    0.110131726588380332E+03    0.480526909055174656E+01
    0.271246328050991209E-03    0.149154891967773438E+03    0.201953731639358436E+01    0.713870860630632507E+02    0.421108725780198512E+01
    0.273860719123344379E-03    0.149115707397460938E+03    0.111228198317561833E+01    0.810109711075877783E+02    0.434462282039403114E+01
    0.271342698537485605E-03    0.149114181518554688E+03    0.184595755878803813E+01    0.777012583518426680E+02    0.415133007027401657E+01
    0.303609647408789813E-03    0.148869461059570312E+03    0.195988440857949953E+01    0.640753560348126001E+02    0.412275890974079395E+01
    0.305527322035511475E-03    0.148836868286132812E+03    0.148229241720164162E+01    0.106012336791444483E+03    0.422168147507259484E+01
    0.305747166686968412E-03    0.148815429687500000E+03    0.216708950332217753E+01    0.750745385642273533E+02    0.417800769793691629E+01
    0.315294494090592205E-03    0.148733932495117188E+03    0.202908361548113936E+01    0.738927115803014800E+02    0.424959289971526477E+01
    0.321001548377850628E-03    0.148678054809570312E+03    0.229232146755573751E+01    0.100721218846766931E+03    0.420406792945505892E+01
    0.323559380421569148E-03    0.148642181396484375E+03    0.149042561650276184E+01    0.111243323087692261E+03    0.430248641967773438E+01
    0.324697607578434706E-03    0.148615158081054688E+03    0.212269001737099350E+01    0.106798000558810173E+03    0.402644055992507877E+01
    0.329554996501228942E-03    0.148565460205078125E+03    0.155697656135427120E+01    0.881769124905951287E+02    0.428273627810708302E+01
    0.334617776740535604E-03    0.148514968872070312E+03    0.181384932934352916E+01    0.110383816811407797E+03    0.410484305409407568E+01
    0.331963812278744490E-03    0.148510894775390625E+03    0.584120618953676507E+00    0.112637680942530366E+03    0.467713182098815317E+01
    0.370477309211425531E-03    0.148271362304687500E+03    0.223752230670703200E+01    0.794396472119330213E+02    0.416454854198180868E+01
    0.379619809634956448E-03    0.148202606201171875E+03    0.746553501517095208E+00    0.774643887369169022E+02    0.467580201733510936E+01
    0.384025144797085045E-03    0.148159530639648438E+03    0.174865554027419434E+01    0.103901543078436902E+03    0.426625925377109194E+01
    0.380671334680438055E-03    0.148157073974609375E+03    0.763546289479257512E+00    0.746399334392363585E+02    0.456668428805958104E+01
    0.379743906090690582E-03    0.148141952514648438E+03    0.169329854854935458E+01    0.724556403533960776E+02    0.422115776381346475E+01
    0.389204155692827374E-03    0.148072738647460938E+03    0.237699113543000085E+01    0.100307425673354899E+03    0.413606990563424759E+01
    0.388546338620990056E-03    0.148056121826171875E+03    0.132613721680916408E+01    0.742690122749030195E+02    0.429790342439014683E+01
    0.392081868407736633E-03    0.148018005371093750E+03    0.139610552227929952E+01    0.111233377072905640E+03    0.439906396027700008E+01
    0.413840769902693744E-03    0.147889984130859375E+03    0.207729300978253884E+01    0.102338736807184347E+03    0.413618782683082031E+01
    0.422277706909699813E-03    0.147829620361328125E+03    0.161611020251755533E+01    0.936250300444858681E+02    0.433689730241325666E+01
    0.435909261517803347E-03    0.147746078491210938E+03    0.128989166349553175E+01    0.818099040492548397E+02    0.443703853646452551E+01
    0.461432724022107685E-03    0.147612274169921875E+03    0.605102556141566050E+00    0.126062786424376014E+03    0.472354053218684466E+01
    0.458863915625642147E-03    0.147603439331054688E+03    0.206843448568144117E+01    0.105484653185567254E+03    0.414310257813695948E+01
    0.466521440209695100E-03    0.147550338745117188E+03    0.244800848903750623E+01    0.106090136151364362E+03    0.413687690892782634E+01
    0.464994452558272799E-03    0.147536895751953125E+03    0.186885640501062467E+01    0.108558725335973804E+03    0.410535294525544270E+01
    0.464073975365785385E-03    0.147520858764648438E+03    0.217968415846714647E+01    0.721226816768386954E+02    0.409793147286893245E+01
    0.462636173054333715E-03    0.147507064819335938E+03    0.181579793365525832E+01    0.857465697419551702E+02    0.423738929130787323E+01
    0.463492123599934676E-03    0.147483367919921875E+03    0.113414210571519591E+01    0.999045472894735838E+02    0.435241377031063159E+01
    0.473136184536672541E-03    0.147422180175781250E+03    0.101443379247399679E+01    0.103162211872110817E+03    0.439101523656155646E+01
    0.475177480956505004E-03    0.147393569946289062E+03    0.190776259806022996E+01    0.990161686485900248E+02    0.416450151052040418E+01
    0.473542671679263939E-03    0.147380462646484375E+03    0.169826981321026516E+01    0.809984620638124824E+02    0.417005077492958609E+01
    0.476242921541093528E-03    0.147349090576171875E+03    0.701058862334144051E+00    0.993507044652898657E+02    0.473949633776866985E+01
    0.472368366221087230E-03    0.147345428466796875E+03    0.183320680138555292E+01    0.815169272503183464E+02    0.412792508321753537E+01
    0.470904866079173672E-03    0.147331634521484375E+03    0.220857679186184797E+01    0.105256716536931549E+03    0.421714880151785643E+01
    0.469732514677223415E-03    0.147316619873046875E+03    0.970996025062198731E+00    0.925133334590309602E+02    0.442087516633534161E+01
    0.480920623868964921E-03    0.147249542236328125E+03    0.184087667133317834E+01    0.970333806333637199E+02    0.420705955421464139E+01
    0.485418900685121097E-03    0.147210922241210938E+03    0.205069106226975162E+01    0.115993176330664937E+03    0.417393864329145270E+01
    0.495840648296900751E-03    0.147148437500000000E+03    0.675889232294236919E+00    0.792090936331075994E+02    0.462704725571440534E+01
    0.498436023723588953E-03    0.147117996215820312E+03    0.231764526475375732E+01    0.775929719057122895E+02    0.410883144850266913E+01
    0.495619621162246408E-03    0.147109329223632812E+03    0.240767048336902345E+01    0.965702864007986648E+02    0.413752968130630361E+01
    0.514279896536100540E-03    0.147015411376953125E+03    0.578695118786417551E+00    0.120610762500996742E+03    0.477946780452929687E+01
    0.558268034846095087E-03    0.146831268310546875E+03    0.194728110010605526E+01    0.800532551139797590E+02    0.417466617778280202E+01
    0.565354360700719410E-03    0.146786041259765625E+03    0.118424777136242443E+01    0.718592871168472840E+02    0.445034586672283972E+01
    0.573330549851586613E-03    0.146738021850585938E+03    0.207972073809116420E+01    0.712443316541304910E+02    0.419795017746238219E+01
    0.569269503864384095E-03    0.146732238769531250E+03    0.868271008429030711E+00    0.808307193026076334E+02    0.456495837132713334E+01
    0.566817773910425929E-03    0.146720870971679688E+03    0.225298792123794556E+01    0.120048466920852661E+03    0.405749201774597168E+01
    0.564002118260631185E-03    0.146710830688476562E+03    0.111747077405154016E+01    0.124119569937263279E+03    0.440585528483845223E+01
    0.560922213041786842E-03    0.146701782226562500E+03    0.796821725951975535E+00    0.107310184598365709E+03    0.454978888941681792E+01
    0.559154490914928683E-03    0.146688095092773438E+03    0.410236766035821154E+00    0.123459733011580028E+03    0.488177636160269302E+01
    0.581829289015236618E-03    0.146588592529296875E+03    0.205831665810336917E+01    0.748793688971376241E+02    0.415178788233840201E+01
    0.592622992957991769E-03    0.146531829833984375E+03    0.824090283485608088E+00    0.103616885207308229E+03    0.459226374355273403E+01
    0.605891588789530589E-03    0.146467544555664062E+03    0.220822337110874667E+01    0.896925232012129072E+02    0.414192747714140452E+01
    0.615622151979985260E-03    0.146415679931640625E+03    0.662819445133209229E+00    0.114522490501403809E+03    0.465433597564697266E+01
    0.636752050384697043E-03    0.146328186035156250E+03    0.157185849528335475E+01    0.850309865305505355E+02    0.416635276854479475E+01
    0.645976986706242790E-03    0.146279418945312500E+03    0.170398056825541389E+01    0.109166572107087745E+03    0.418379334225343236E+01
    0.667323452852704711E-03    0.146194396972656250E+03    0.195334744361842194E+01    0.113430924315495162E+03    0.413266640850231859E+01
    0.666704030651086329E-03    0.146176254272460938E+03    0.138241469648014781E+01    0.841996874309326273E+02    0.433858312272964142E+01
    0.665221832879946563E-03    0.146160705566406250E+03    0.209016270218435540E+01    0.112450446315666511E+03    0.415596083593583554E+01
    0.664274858773025311E-03    0.146143554687500000E+03    0.205618127891157254E+01    0.736680336883008522E+02    0.423502627868675230E+01
    0.679339453749221948E-03    0.146078704833984375E+03    0.185636277359263424E+01    0.694853961032168144E+02    0.410348183251778398E+01
    0.678398260901077088E-03    0.146061477661132812E+03    0.184231931352219713E+01    0.103708418719603046E+03    0.422523039947334489E+01
    0.699710181305536320E-03    0.145979614257812500E+03    0.106052002384276567E+01    0.951680952134780966E+02    0.441934607039459149E+01
    0.726204125275240419E-03    0.145885284423828125E+03    0.185333269158125868E+01    0.106135481293956758E+03    0.415168702485697949E+01
    0.722282549914438402E-03    0.145876113891601562E+03    0.235824775594377511E+01    0.107013163875417717E+03    0.410510851196045756E+01
    0.741864935645774140E-03    0.145802612304687500E+03    0.147311761504236616E+01    0.821499662418904251E+02    0.423878439848156319E+01
    0.736340412479443546E-03    0.145797561645507812E+03    0.176035104877002602E+01    0.104164562873893715E+03    0.420996296087167465E+01
    0.751346390264804806E-03    0.145737213134765625E+03    0.187934449424125050E+01    0.110610450413946410E+03    0.421644856124710632E+01
    0.756069008628563848E-03    0.145704681396484375E+03    0.142872212630962392E+01    0.802505923656071900E+02    0.439037572338190074E+01
    0.792234316011450356E-03    0.145591232299804688E+03    0.212941269333741312E+01    0.791332234332254103E+02    0.411858213567569820E+01
    0.801213900756051834E-03    0.145548690795898438E+03    0.140011604714905125E+01    0.954281364190568695E+02    0.428321857979484655E+01
    0.804658375849713094E-03    0.145520111083984375E+03    0.199029332756965882E+01    0.900506039703066676E+02    0.410754261806034116E+01
    0.823214317291645170E-03    0.145454513549804688E+03    0.177873111888625735E+01    0.823575804977019033E+02    0.410213581985350118E+01
    0.818088268692043893E-03    0.145447006225585938E+03    0.152897030115127563E+01    0.828378713130950928E+02    0.436850881576538086E+01
    0.822389205487037843E-03    0.145416519165039062E+03    0.837954027096084464E+00    0.110677576731138132E+03    0.456725477408029956E+01
    0.825546722901846159E-03    0.145388854980468750E+03    0.219587842376389197E+01    0.939284545121243752E+02    0.415296257488998677E+01
    0.837149074281510011E-03    0.145340942382812500E+03    0.200518106621961278E+01    0.656938013467878079E+02    0.410740895446185217E+01
    0.854483207095269601E-03    0.145279953002929688E+03    0.180046757000258073E+01    0.114776726386884462E+03    0.415452591862189724E+01
    0.851660377199628480E-03    0.145266571044921875E+03    0.232577499622919381E+01    0.975810306203956657E+02    0.408758951597875431E+01
    0.915409647195763944E-03    0.145102203369140625E+03    0.194134488420936835E+01    0.105099380637621550E+03    0.410790651503513171E+01
    0.914518082440754000E-03    0.145084152221679688E+03    0.221497607158725218E+01    0.936548417011579488E+02    0.421336641088284747E+01
    0.950464400201610389E-03    0.144987045288085938E+03    0.527753906988812860E+00    0.100315248543556265E+03    0.476642170254961073E+01
    0.943782421383169458E-03    0.144981155395507812E+03    0.185440447709832723E+01    0.741321290969398348E+02    0.417070016822022183E+01
    0.956593876705942158E-03    0.144934188842773438E+03    0.217070604984464754E+01    0.673772449381290954E+02    0.411219047681286121E+01
    0.964694573707818980E-03    0.144897323608398438E+03    0.199133593833547362E+01    0.101986829274987855E+03    0.407915427160400679E+01
    0.963497691821726867E-03    0.144879806518554688E+03    0.223934660220190995E+01    0.795672789991921121E+02    0.414870649679824055E+01
    0.972724932913984351E-03    0.144840744018554688E+03    0.116275956808745828E+01    0.815938753159663293E+02    0.437032695124129411E+01
    0.970577207744010824E-03    0.144825164794921875E+03    0.117052994099299346E+01    0.721826262914147634E+02    0.435787344540466748E+01
    0.100210719139777449E-02    0.144741226196289062E+03    0.159199325462342633E+01    0.813590428440578677E+02    0.426614138677462229E+01
    0.100226225354783254E-02    0.144720916748046875E+03    0.123887905716697300E+01    0.110778804690775672E+03    0.436246193894490730E+01
    0.996576181096142525E-03    0.144712295532226562E+03    0.214187904769228732E+01    0.682815193090686137E+02    0.410060604843919840E+01
    0.989819201502605038E-03    0.144705902099609375E+03    0.186636695635853078E+01    0.962079000291529098E+02    0.417938328845217733E+01
    0.981122405925320771E-03    0.144703552246093750E+03    0.206787751545226017E+01    0.678352685645576798E+02    0.419654031076729517E+01
    0.982630218618308965E-03    0.144680480957031250E+03    0.122484687253949609E+01    0.740909063903852996E+02    0.433266313056891583E+01
    0.993131175783359401E-03    0.144639221191406250E+03    0.109937160059739303E+01    0.115561212102619663E+03    0.440566074557483933E+01
    0.993345476165965460E-03    0.144618789672851562E+03    0.228345327911426343E+01    0.784083315945250803E+02    0.411177024772944399E+01
    0.992166033508795620E-03    0.144601165771484375E+03    0.127511721758289753E+01    0.112668600986445298E+03    0.434496164968523235E+01
    0.100387117613170984E-02    0.144557708740234375E+03    0.181526958480854494E+01    0.809287282619618793E+02    0.421859957312099088E+01
    0.103207172971801439E-02    0.144482299804687500E+03    0.189252484626373274E+01    0.110392619988390777E+03    0.409661353769302305E+01
    0.104280663465081440E-02    0.144441604614257812E+03    0.230747259569482921E+01    0.109665966248835446E+03    0.404117703787185967E+01
    0.103512792522336802E-02    0.144436386108398438E+03    0.118969418085598155E+01    0.112236251578527472E+03    0.437685620773363038E+01
    0.102825860135287157E-02    0.144429702758789062E+03    0.193027272530737704E+01    0.917375510171492579E+02    0.420220072060953598E+01
    0.105781387948875494E-02    0.144353027343750000E+03    0.236856713401742480E+01    0.799451528747257214E+02    0.408616333551111754E+01
    0.106334267499173210E-02    0.144322601318359375E+03    0.750006184391071917E+00    0.112514592049320925E+03    0.466706024849591916E+01
    0.113169165819885609E-02    0.144178009033203125E+03    0.236627042889763262E+01    0.753572395251932790E+02    0.407717826841738784E+01
    0.112692085641967216E-02    0.144166458129882812E+03    0.809316626207665091E+00    0.108635256021444604E+03    0.463813638961657482E+01
    0.112427826808498199E-02    0.144151153564453125E+03    0.196284131468244505E+01    0.972836595166140512E+02    0.412822317494612978E+01
    0.112142796071490079E-02    0.144136230468750000E+03    0.108251847213597019E+01    0.115515584509475730E+03    0.443183674074629863E+01
    0.111110000356625586E-02    0.144134735107421875E+03    0.247665553187194210E+01    0.663221904853097470E+02    0.405420603025906345E+01
    0.110954369636960732E-02    0.144117538452148438E+03    0.224219840528435155E+01    0.860312845706435070E+02    0.415900773338292318E+01
    0.111085046811393111E-02    0.144095184326171875E+03    0.151937973545764016E+01    0.751749573668821256E+02    0.431650014220741784E+01
    0.111878835159045131E-02    0.144060943603515625E+03    0.200500039095600968E+01    0.921600408324457590E+02    0.415015866200211558E+01
    0.117690098342218986E-02    0.143939666748046875E+03    0.745595346685562488E+00    0.106576945782543874E+03    0.456826040628360985E+01
    0.119624902752536342E-02    0.143887054443359375E+03    0.204288239162328455E+01    0.874839033006373938E+02    0.410310742911747806E+01
    0.120347424672752421E-02    0.143855010986328125E+03    0.180023376544394931E+01    0.110536134684034693E+03    0.415960366825438488E+01
    0.120294439106982979E-02    0.143835891723632812E+03    0.188940659471904970E+01    0.110215217996907725E+03    0.418549525014049895E+01
    0.119659443003621588E-02    0.143826477050781250E+03    0.112373463525066808E+01    0.791135263653963818E+02    0.435760857453862016E+01
    0.118898917043696803E-02    0.143819229125976562E+03    0.146947686295423874E+01    0.796775610561807923E+02    0.427218753541918606E+01
    0.117754477716878699E-02    0.143818572998046875E+03    0.224503004221025426E+01    0.754708142924403091E+02    0.404381199284125792E+01
    0.116784882580007869E-02    0.143815109252929688E+03    0.153425510700155154E+01    0.818497417284545179E+02    0.427039556899378780E+01
    0.115689915083021233E-02    0.143813949584960938E+03    0.145910388543327185E+01    0.861772434985239784E+02    0.435670756783967317E+01
    0.114611334672571610E-02    0.143812683105468750E+03    0.181761093061017798E+01    0.103924860356092950E+03    0.415846010846001057E+01
    0.114550386663708412E-02    0.143793746948242188E+03    0.209767361152397314E+01    0.865160952258589333E+02    0.419849771545761019E+01
    0.113623643661068890E-02    0.143789993286132812E+03    0.164703456723318120E+01    0.909739369925053438E+02    0.416633508247498163E+01
    0.112688061979052535E-02    0.143786529541015625E+03    0.229853393664741423E+01    0.813853561345468108E+02    0.413307034459365141E+01
    0.114367737033765795E-02    0.143736938476562500E+03    0.567499684238557234E+00    0.106023921176486510E+03    0.477058508237366219E+01
    0.115559957015809261E-02    0.143696197509765625E+03    0.159327182916380816E+01    0.876035429124553104E+02    0.426944702425103984E+01
    0.114753672832630682E-02    0.143690200805664062E+03    0.111499861933896138E+01    0.107003526893779679E+03    0.439781453029713187E+01
    0.115062509181601373E-02    0.143664825439453125E+03    0.162070315819288391E+01    0.863551226707535449E+02    0.418352458479599409E+01
    0.114088093516101561E-02    0.143661834716796875E+03    0.190480867736876114E+01    0.771581472574384293E+02    0.421760364735050253E+01
    0.113740697985553860E-02    0.143647933959960938E+03    0.124144260412570917E+01    0.949313127923592504E+02    0.441494782471022251E+01
    0.112946245409936848E-02    0.143641952514648438E+03    0.177551937605266730E+01    0.868089400674061125E+02    0.420213274699260086E+01
    0.114343273163901500E-02    0.143597366333007812E+03    0.146034897003605635E+01    0.977546237867112779E+02    0.429618787063203111E+01
    0.113323925937538887E-02    0.143595275878906250E+03    0.156382125203705380E+01    0.847467261869938966E+02    0.423214820008125248E+01
    0.115343485102243292E-02    0.143539947509765625E+03    0.199499028011222368E+01    0.102446540883232771E+03    0.414626571219938267E+01
    0.114278596507550140E-02    0.143538497924804688E+03    0.176691843640374824E+01    0.826850806798842086E+02    0.421649093671150599E+01
    0.114294535521401275E-02    0.143518218994140625E+03    0.178460773564358388E+01    0.829967441127845262E+02    0.414073187285449684E+01
    0.114086561581771889E-02    0.143501861572265625E+03    0.196181339087784856E+01    0.103317974322538362E+03    0.417128241751562889E+01
    0.115230126319871597E-02    0.143461914062500000E+03    0.145825561971460815E+01    0.832579156805473133E+02    0.433994097905969678E+01
    0.117024450011484122E-02    0.143411010742187500E+03    0.222652284133491296E+01    0.113081744296236522E+03    0.408206984263921679E+01
    0.120685126002123685E-02    0.143329406738281250E+03    0.206950645863443050E+01    0.957815111467279081E+02    0.415952502786321698E+01
    0.120242394242426145E-02    0.143316757202148438E+03    0.883212211320060225E+00    0.961990355589468464E+02    0.452262582704574356E+01
    0.121223639360916501E-02    0.143280502319335938E+03    0.194241712910514108E+01    0.812003115545198284E+02    0.414710954057343173E+01
    0.121752219279119551E-02    0.143251800537109375E+03    0.141246161814415294E+01    0.870316980639793627E+02    0.433663027234318132E+01
    0.122571724404376249E-02    0.143218383789062500E+03    0.119749019770698939E+01    0.943918344779490184E+02    0.440122796917762038E+01
    0.122155618119304901E-02    0.143205184936523438E+03    0.152883417412855938E+01    0.100719697118367804E+03    0.424736405148996532E+01
    0.122108357572839332E-02    0.143185958862304688E+03    0.129071513865948062E+01    0.887691430141851754E+02    0.434332526701498089E+01
    0.121541653711637024E-02    0.143175262451171875E+03    0.630224960883777108E+00    0.100806516830540801E+03    0.473454790458937058E+01
    0.122720615518936592E-02    0.143135955810546875E+03    0.156798773287530357E+01    0.891171032231049196E+02    0.417564464024899973E+01
    0.124689594690482563E-02    0.143084121704101562E+03    0.712476621324481418E+00    0.107125456803455222E+03    0.464911056091772235E+01
    0.123747837250462586E-02    0.143079284667968750E+03    0.212686367677846766E+01    0.870883954250917185E+02    0.413102266705721011E+01
    0.126241776255280286E-02    0.143019378662109375E+03    0.160262826793754143E+01    0.813171032667071074E+02    0.424417663404803491E+01
    0.127206938762067039E-02    0.142984146118164062E+03    0.199799663165627539E+01    0.954314052973664957E+02    0.415170815342922950E+01
    0.128073907137165460E-02    0.142950561523437500E+03    0.175162852605839747E+01    0.804306286809634656E+02    0.420771354712598455E+01
    0.127962836516965959E-02    0.142932296752929688E+03    0.153495120077148117E+01    0.765661003959672541E+02    0.428436248680868736E+01
    0.127527455532523400E-02    0.142919113159179688E+03    0.116583170188037655E+01    0.611246347593576118E+02    0.436608646026882585E+01
    0.126631874916369202E-02    0.142913208007812500E+03    0.203703850909505091E+01    0.816290152118630203E+02    0.410688144759902940E+01
    0.127361732467789839E-02    0.142881713867187500E+03    0.193766900089947680E+01    0.890870647124861392E+02    0.418568294143024300E+01
    0.128593224997243299E-02    0.142842468261718750E+03    0.201940799871126409E+01    0.704049699349473315E+02    0.412891799507298707E+01
    0.127930037747861513E-02    0.142832809448242188E+03    0.719761978002045999E+00    0.112608661985380309E+03    0.463387947102057129E+01
    0.130028224673948696E-02    0.142780273437500000E+03    0.765756368637084961E+00    0.102440646886825562E+03    0.457867968082427979E+01
    0.132310137797485490E-02    0.142725479125976562E+03    0.193284508806867428E+01    0.102358127202235835E+03    0.416294160989584139E+01
    0.132573137508487280E-02    0.142701507568359375E+03    0.776182429159308240E+00    0.110649278135237509E+03    0.461646977965366023E+01
    0.131897474997586472E-02    0.142691726684570312E+03    0.212896917871846725E+01    0.837627687485549188E+02    0.411435068827759132E+01
    0.257705042218859788E-02    0.141352111816406250E+03    0.107944958091564036E+01    0.109959712632934043E+03    0.440987922361529261E+01
    0.139612416120098366E-02    0.142578002929687500E+03    0.114987724897756860E+01    0.125980782693995110E+03    0.440597965768101840E+01
    0.392105746562336922E-02    0.140512680053710938E+03    0.121417006265332894E+01    0.108476434943541136E+03    0.438209690365762494E+01
    0.801271498419514096E-02    0.139083343505859375E+03    0.109599700387330001E+01    0.103842946681948632E+03    0.441229609800743905E+01
    0.389060291977711033E-02    0.140528274536132812E+03    0.108736965751585890E+01    0.106486409987933328E+03    0.441382641932650888E+01
    0.175745693140759718E-01    0.137512496948242188E+03    0.103807435504865020E+01    0.107395922477853631E+03    0.442719613536437784E+01
    0.576399346341815045E-02    0.139742141723632812E+03    0.115911272107613339E+01    0.101316315840260273E+03    0.439082455361047597E+01
    0.222120042212517249E-02    0.141649307250976562E+03    0.124110499961063958E+01    0.944458339549656500E+02    0.435951125232833547E+01
    0.203392295951777260E-02    0.141825469970703125E+03    0.122594376725998244E+01    0.950293484092417202E+02    0.442712577196872115E+01
    0.496038847739823426E-02    0.140042434692382812E+03    0.129088543543957091E+01    0.920853587107248757E+02    0.438614720803673563E+01
    0.372412694953637349E-02    0.140615737915039062E+03    0.111714789541751802E+01    0.101036688754673960E+03    0.441899496383202095E+01
    0.284655620415399328E-02    0.141153182983398438E+03    0.120524433272761122E+01    0.996208223258296357E+02    0.438443093944522388E+01
    0.244107532592794827E-02    0.141460525512695312E+03    0.120827333091165312E+01    0.103411189492074556E+03    0.436447559982622124E+01
    0.322554615024683942E-02    0.140903198242187500E+03    0.127347062223023322E+01    0.106327002312135036E+03    0.435450740014083415E+01
    0.471865347629189455E-01    0.135537185668945312E+03    0.671292385259095514E+00    0.102519509738363666E+03    0.469479199439081540E+01
    0.773382115416298699E-01    0.134549026489257812E+03    0.697634636089168203E+00    0.104206893092404187E+03    0.467182094747671428E+01
    0.156625931642796431E-02    0.142348022460937500E+03    0.700534661398305447E+00    0.106758157395507695E+03    0.469114534482671974E+01
    0.218774846042088956E-02    0.141679656982421875E+03    0.574115625661805629E+00    0.102775632545888911E+03    0.476096838660680710E+01
    0.156545889713269239E-02    0.142349044799804688E+03    0.678873717707144442E+00    0.121845981949802876E+03    0.469469845507549266E+01
    0.330080356868394601E-02    0.140857070922851562E+03    0.649341242153476328E+00    0.117319956858341158E+03    0.473309355782513652E+01
    0.511802642469276134E-01    0.135374694824218750E+03    0.677193167389356199E+00    0.111121183703535706E+03    0.468179640226511218E+01
    0.178296095750742696E-02    0.142088851928710938E+03    0.656683217479798853E+00    0.111232442196479113E+03    0.469035313130154119E+01
    0.373137927454664665E-02    0.140611846923828125E+03    0.721377713673243770E+00    0.734219392657093124E+02    0.465873274310758134E+01
    0.189028678673886577E-01    0.137366775512695312E+03    0.605662338015667379E+00    0.877471184618831046E+02    0.473002393456762782E+01
    0.201472575251066119E-02    0.141844436645507812E+03    0.838718337376443746E+00    0.110133837457931421E+03    0.460262972536346204E+01
    0.128760886611254590E-01    0.138134658813476562E+03    0.771416586818532313E+00    0.107163312087334347E+03    0.462580859282055634E+01
    0.772724103238008313E-02    0.139155899047851562E+03    0.858184950963576387E+00    0.993504990725118091E+02    0.457673645892893255E+01
    0.161823014471156913E-01    0.137677566528320312E+03    0.814036352491869786E+00    0.104950888738983849E+03    0.461288259375419596E+01
    0.494010741486206051E-02    0.140050628662109375E+03    0.786009219354538491E+00    0.108485638707982744E+03    0.461252523734545861E+01
    0.216386119465388806E-02    0.141701614379882812E+03    0.791950341386197243E+00    0.101542756980698954E+03    0.459959393518746307E+01
    0.143956921563223646E-01    0.137911544799804688E+03    0.717865691534555816E+00    0.101582745911822087E+03    0.461700900346628362E+01
    0.973712037416697360E-02    0.138693511962890625E+03    0.810226238460443282E+00    0.107321020793178846E+03    0.458761697315599015E+01
    0.624268964717417541E-02    0.139582580566406250E+03    0.821877697106966565E+00    0.104477114237347081E+03    0.456623439511970908E+01
    0.180331146002341812E-01    0.137460983276367188E+03    0.817118665988395443E+00    0.953924290477021657E+02    0.458772686629439086E+01
    0.136935049715109902E-02    0.142616729736328125E+03    0.769585782573491084E+00    0.111794937812411689E+03    0.458633611049185230E+01
    0.123511110503246382E-01    0.138217910766601562E+03    0.597642229191516661E+00    0.931239543943609078E+02    0.475427880717203166E+01
    0.152373311414973978E-02    0.142403076171875000E+03    0.748609351143477708E+00    0.936984129940674677E+02    0.460721487792566720E+01
    0.592459081100436737E-02    0.139687179565429688E+03    0.712369236805191375E+00    0.928830674930024429E+02    0.467872204810778491E+01
    0.221184879637218151E-02    0.141657745361328125E+03    0.739997382446631158E+00    0.978226867047476816E+02    0.465783930723161355E+01
    0.132633496706888853E-01    0.138075393676757812E+03    0.710964864611061675E+00    0.977174268094821059E+02    0.467904852470506594E+01
    0.830968635356456667E-02    0.139010559082031250E+03    0.192026327208977321E+01    0.986921194640783312E+02    0.415767266442540340E+01
    0.358372652625794539E-02    0.140692596435546875E+03    0.234767114671704125E+01    0.100696672190319575E+03    0.408521798263778635E+01
    0.114195991809820860E-01    0.138374740600585938E+03    0.198422115287658207E+01    0.972730666260876262E+02    0.411063928579985838E+01
    0.142597565855406491E-02    0.142535690307617188E+03    0.190671789680457060E+01    0.945737777892410065E+02    0.415408964147644166E+01
    0.173137784100255111E-02    0.142147567749023438E+03    0.227953517588477439E+01    0.113436138061418063E+03    0.403699480477245487E+01
    0.307826034365859614E-02    0.140996673583984375E+03    0.180744113127781270E+01    0.104368548754866538E+03    0.411175346862078328E+01
    0.145290285989727844E-02    0.142498275756835938E+03    0.177419427546893349E+01    0.105662643465551724E+03    0.411731011188975060E+01
    0.199186126159790452E-02    0.141867263793945312E+03    0.144196180745259861E+01    0.102217575192216231E+03    0.424171695964118456E+01
    0.203184466356577274E-02    0.141827514648437500E+03    0.153049867277513174E+01    0.988133999901915416E+02    0.424121914445696202E+01
    0.378040761338345899E-02    0.140585739135742188E+03    0.144831872397532990E+01    0.969585589816407776E+02    0.428090501381114485E+01
    0.247001954637433548E-02    0.141436950683593750E+03    0.141417679515197259E+01    0.100386608855045182E+03    0.427755425116760346E+01
    0.765500817718199264E-02    0.139174682617187500E+03    0.142881413485927999E+01    0.110574292163229529E+03    0.431114832847436347E+01
    0.426976515881428206E-02    0.140342285156250000E+03    0.152532932162380908E+01    0.967081200859196315E+02    0.422344093777177676E+01
    0.302836373086376497E-02    0.141029357910156250E+03    0.149651756560685212E+01    0.104871911842798283E+03    0.425486530602027280E+01
    0.380401627849426835E-02    0.140573287963867188E+03    0.143818425286540097E+01    0.996252633439692659E+02    0.432050107729885635E+01
    0.234589411719730813E-02    0.141540069580078125E+03    0.139704803752880835E+01    0.999937416728001551E+02    0.426180414931117202E+01
    0.106153305576409743E+00    0.133915634155273438E+03    0.115387163619014887E+01    0.792806136587921202E+02    0.437179854537189705E+01
    0.157441817782584927E-02    0.142337631225585938E+03    0.130214210218970328E+01    0.836315029618777714E+02    0.433207188247568276E+01
    0.350257967063462034E-02    0.140738403320312500E+03    0.136671452760015022E+01    0.872062158964978096E+02    0.431397299016995106E+01
    0.153841623576418023E-02    0.142383895874023438E+03    0.135098770578701188E+01    0.838462250025277029E+02    0.433773528827784371E+01
    0.235769265350560635E-01    0.136924865722656250E+03    0.140658717670630518E+01    0.873623426147636906E+02    0.428807042147404172E+01
    0.186354419070340572E-02    0.142000442504882812E+03    0.134847081880951492E+01    0.829391104577138094E+02    0.433282798405767888E+01
    0.475596832829872865E-02    0.140126602172851562E+03    0.132009509918593859E+01    0.795345913317207049E+02    0.433154669319546493E+01
    0.510447281235570666E-02    0.139985168457031250E+03    0.161745229498543419E+01    0.858526988633120283E+02    0.426993607185359370E+01
    0.103816514875499678E-01    0.138565322875976562E+03    0.156052905581241452E+01    0.874743975981528763E+02    0.427821124731671265E+01
    0.201146970525813455E-02    0.141847671508789062E+03    0.151799787258388719E+01    0.870918243553834373E+02    0.429734315095108776E+01
    0.751382287843943911E-02    0.139211914062500000E+03    0.176549820586107975E+01    0.893197430822608993E+02    0.423740445257518417E+01
    0.307900178496795587E-01    0.136391021728515625E+03    0.174972895270454565E+01    0.894324286134903161E+02    0.424246961495220631E+01
    0.262779799212635619E-02    0.141313110351562500E+03    0.171021562507917047E+01    0.852799572561716559E+02    0.422459197239030271E+01
    0.610287181874670601E-02    0.139627883911132812E+03    0.168444757283009428E+01    0.811250658292162825E+02    0.420587385187732465E+01
    0.493905220677660385E-02    0.140051055908203125E+03    0.227795357344210014E+01    0.807507930451763229E+02    0.414068850432386704E+01
    0.413994568474503662E-02    0.140404037475585938E+03    0.235601135849855137E+01    0.826470333440472302E+02    0.415625880907857148E+01
    0.148562228279993779E-02    0.142453735351562500E+03    0.228474513769655907E+01    0.782642843675170070E+02    0.411808923095374979E+01
    0.233578583040571159E-02    0.141548706054687500E+03    0.231129777120919444E+01    0.788737038385686873E+02    0.410652414753078077E+01
    0.218730730136295938E-01    0.137074890136718750E+03    0.224920437382049077E+01    0.813643680843761814E+02    0.410493853407757481E+01
    0.228948945506478839E-02    0.141588745117187500E+03    0.230317739535011734E+01    0.747217212779463011E+02    0.405338006252109473E+01
    0.217657728663603204E-02    0.141689895629882812E+03    0.246301367272491056E+01    0.675999218260180186E+02    0.406986129850708167E+01
    0.178782381676165442E-02    0.142083404541015625E+03    0.184575085653662718E+01    0.655656462868920755E+02    0.411113261853029055E+01
    0.374346932063050622E-02    0.140605377197265625E+03    0.218023782341453343E+01    0.848452289988883877E+02    0.411793611564906303E+01
    0.175888460415365359E-02    0.142116043090820312E+03    0.204055154219920665E+01    0.838196869112097289E+02    0.409392692619267962E+01
    0.401922157868433993E-02    0.140463226318359375E+03    0.197907806692716948E+01    0.798280346162005543E+02    0.411437427457459659E+01
    0.137175548912142425E-02    0.142613220214843750E+03    0.176926385365819039E+01    0.848647565504882095E+02    0.421796861344226670E+01
    0.221815216109537503E-02    0.141652053833007812E+03    0.181304570555186739E+01    0.916516449008916396E+02    0.421421389157703441E+01
    0.478194662433464954E-02    0.140115707397460938E+03    0.193589834321520060E+01    0.931037336209639363E+02    0.415971901189001514E+01
    0.418890584545858567E-02    0.140380523681640625E+03    0.191545365800287470E+01    0.903662292715941788E+02    0.416183502351495171E+01
    0.308149282956004904E-01    0.136389404296875000E+03    0.185639635201023845E+01    0.889327029325933438E+02    0.418392422063740455E+01
    0.255375932394295499E-02    0.141370269775390625E+03    0.188898497060911819E+01    0.887066507302044442E+02    0.415059758485473385E+01
    0.977784100244869468E-02    0.138685165405273438E+03    0.181107139795627647E+01    0.898241371797304140E+02    0.414377408104476519E+01
    0.203992158186459523E-02    0.141819580078125000E+03    0.180724275033281367E+01    0.909073752408499018E+02    0.417973131026347122E+01
    0.198303639193314705E-02    0.141876144409179688E+03    0.192785473652926687E+01    0.885172960914443223E+02    0.418717161737316346E+01
    0.141430662622919084E-02    0.142552124023437500E+03    0.187419445734546630E+01    0.928399613031202762E+02    0.411054316300537170E+01
    0.794666036013246153E-02    0.139099899291992188E+03    0.177957541433935384E+01    0.837431882858488734E+02    0.419305038663979968E+01
    0.208552652262235759E-02    0.141775360107421875E+03    0.195476764426672789E+01    0.859778865320897410E+02    0.410884655878893135E+01
    0.340327066108394314E-02    0.140795928955078125E+03    0.196859420114888883E+01    0.869575033847104635E+02    0.415536657378318175E+01
    0.232965586902046766E-01    0.136948791503906250E+03    0.206610621242976622E+01    0.871157187931015073E+02    0.410507898057759224E+01
    0.313569436272991388E-02    0.140959701538085938E+03    0.210717133254211397E+01    0.902303075653367159E+02    0.407648303260389255E+01
    0.116966521898812514E-01    0.138326797485351562E+03    0.186866575469095908E+01    0.922408863286166536E+02    0.411406819918720679E+01
    0.374061436941017884E-02    0.140606903076171875E+03    0.191762940513482016E+01    0.840674732456789400E+02    0.418636122722686110E+01
    0.918851556980368467E-02    0.138809494018554688E+03    0.183331455246076280E+01    0.750753460848325176E+02    0.419982005943077397E+01
    0.154363638214865661E-02    0.142377120971679688E+03    0.180418239717606754E+01    0.818303369976745500E+02    0.415952444934114851E+01
