0.293 9.232495009364962 
0.293 9.2325
0.29419999999999996 9.13534248956094 
0.29419999999999996 9.1353
0.2954 9.056853083215092 
0.2954 9.0569
0.2966 8.969759772068087 
0.2966 8.9698
0.2978 8.925013722730274 
0.2978 8.925
0.299 8.865632549399812 
0.299 8.8656
0.30019999999999997 8.828005246303718 
0.30019999999999997 8.828
0.3014 8.785960021570265 
0.3014 8.786
0.3026 8.763532769518616 
0.3026 8.7635
0.3038 8.737359224371819 
0.3038 8.7374
0.305 8.71867426411405 
0.305 8.7187
0.30619999999999997 8.699129487586756 
0.30619999999999997 8.6991
0.3074 8.692102754981963 
0.3074 8.6921
0.3086 8.676691827443465 
0.3086 8.6767
0.3098 8.683995053764821 
0.3098 8.684
0.311 8.702514217859015 
0.311 8.7025
0.3122 8.705101752482673 
0.3122 8.7051
0.3134 8.743392087309035 
0.3134 8.7434
0.3146 8.770171093512676 
0.3146 8.7702
0.3158 8.787224512774504 
0.3158 8.7872
0.317 8.812774836285762 
0.317 8.8128
0.3182 8.879629907535868 
0.3182 8.8796
0.3194 8.915195185282077 
0.3194 8.9152
0.3206 8.978526772131099 
0.3206 8.9785
0.32180000000000003 9.02134821068885 
0.32180000000000003 9.0213
0.323 9.104388083904295 
0.323 9.1044
