0.293 9.291104008298657 
0.293 9.2911
0.29419999999999996 9.202189837726168 
0.29419999999999996 9.2022
0.2954 9.150598627419281 
0.2954 9.1506
0.2966 9.065326308382897 
0.2966 9.0653
0.2978 9.023450158623142 
0.2978 9.0235
0.299 8.933191247220027 
0.299 8.9332
0.30019999999999997 8.927573665367216 
0.30019999999999997 8.9276
0.3014 8.91234106420516 
0.3014 8.9123
0.3026 8.876047435589609 
0.3026 8.876
0.3038 8.85169662606898 
0.3038 8.8517
0.305 8.850577511999667 
0.305 8.8506
0.30619999999999997 8.84928971462704 
0.30619999999999997 8.8493
0.3074 8.860628215028616 
0.3074 8.8606
0.3086 8.845614469719791 
0.3086 8.8456
0.3098 8.879732103035327 
0.3098 8.8797
0.311 8.922775346756733 
0.311 8.9228
0.3122 8.934178691235834 
0.3122 8.9342
0.3134 8.98485374584837 
0.3134 8.9849
0.3146 9.032268801164019 
0.3146 9.0323
0.3158 9.069641100370667 
0.3158 9.0696
0.317 9.118641656745943 
0.317 9.1186
0.3182 9.206428178408208 
0.3182 9.2064
0.3194 9.258377769122623 
0.3194 9.2584
0.3206 9.342095528039513 
0.3206 9.3421
0.32180000000000003 9.362480057357452 
0.32180000000000003 9.3625
0.323 9.466141006508625 
0.323 9.4661
